48, -48, 98.441
47.929, -47.929, 98.312
47.859, -47.859, 98.183
47.788, -47.788, 98.053
47.717, -47.717, 97.924
47.646, -47.646, 97.794
47.576, -47.576, 97.664
47.505, -47.505, 97.534
47.434, -47.434, 97.403
47.364, -47.364, 97.273
47.293, -47.293, 97.142
47.222, -47.222, 97.011
47.151, -47.151, 96.88
47.081, -47.081, 96.749
47.01, -47.01, 96.618
46.939, -46.939, 96.486
46.869, -46.869, 96.355
46.798, -46.798, 96.223
46.727, -46.727, 96.091
46.656, -46.656, 95.958
46.586, -46.586, 95.826
46.515, -46.515, 95.693
46.444, -46.444, 95.561
46.374, -46.374, 95.428
46.303, -46.303, 95.294
46.232, -46.232, 95.161
46.162, -46.162, 95.027
46.091, -46.091, 94.894
46.02, -46.02, 94.76
45.949, -45.949, 94.626
45.879, -45.879, 94.491
45.808, -45.808, 94.488
45.738, -45.737, 94.611
45.668, -45.665, 94.818
45.598, -45.594, 94.95
45.528, -45.523, 95.121
45.458, -45.451, 95.244
45.388, -45.38, 95.398
45.318, -45.308, 95.505
45.249, -45.236, 95.605
45.179, -45.164, 95.668
45.11, -45.092, 95.756
45.04, -45.02, 95.838
44.971, -44.948, 95.89
44.902, -44.875, 95.962
44.833, -44.803, 96.007
44.764, -44.731, 96.049
44.695, -44.658, 96.109
44.627, -44.585, 96.147
44.558, -44.513, 96.182
44.49, -44.44, 96.216
44.421, -44.367, 96.247
44.353, -44.294, 96.277
44.284, -44.221, 96.319
44.216, -44.148, 96.345
44.148, -44.075, 96.357
44.08, -44.001, 96.381
44.012, -43.928, 96.403
43.944, -43.855, 96.424
43.876, -43.781, 96.444
43.809, -43.707, 96.462
43.741, -43.634, 96.479
43.674, -43.56, 96.487
43.606, -43.486, 96.503
43.539, -43.412, 96.517
43.472, -43.338, 96.53
43.404, -43.264, 96.537
43.337, -43.19, 96.548
43.27, -43.116, 96.559
43.203, -43.042, 96.564
43.136, -42.967, 96.573
43.069, -42.893, 96.582
43.003, -42.818, 96.585
42.936, -42.744, 96.592
42.87, -42.669, 96.596
42.803, -42.595, 96.601
42.737, -42.52, 96.606
42.67, -42.445, 96.608
42.604, -42.37, 96.612
42.538, -42.295, 96.614
42.472, -42.22, 96.616
42.406, -42.145, 96.617
42.34, -42.07, 96.618
42.274, -41.994, 96.619
42.208, -41.919, 96.619
42.143, -41.844, 96.619
42.077, -41.768, 96.619
42.012, -41.692, 96.617
41.946, -41.617, 96.617
41.881, -41.541, 96.614
41.816, -41.465, 96.613
41.75, -41.39, 96.61
41.685, -41.314, 96.608
41.62, -41.238, 96.606
41.555, -41.162, 96.601
41.491, -41.086, 96.599
41.426, -41.009, 96.596
41.361, -40.933, 96.59
41.296, -40.857, 96.587
41.232, -40.78, 96.58
41.168, -40.704, 96.577
41.103, -40.627, 96.573
41.039, -40.551, 96.565
40.975, -40.474, 96.56
40.911, -40.397, 96.556
40.847, -40.32, 96.551
40.783, -40.244, 96.542
40.719, -40.167, 96.537
40.655, -40.09, 96.531
40.591, -40.013, 96.52
40.528, -39.935, 96.515
40.464, -39.858, 96.509
40.401, -39.781, 96.503
40.337, -39.703, 96.49
40.274, -39.626, 96.484
40.211, -39.548, 96.477
40.148, -39.471, 96.464
40.085, -39.393, 96.457
40.022, -39.315, 96.449
39.959, -39.238, 96.442
39.896, -39.16, 96.434
39.834, -39.082, 96.419
39.771, -39.004, 96.411
39.709, -38.926, 96.403
39.646, -38.848, 96.394
39.584, -38.769, 96.377
39.522, -38.691, 96.368
39.46, -38.613, 96.36
39.398, -38.534, 96.35
39.336, -38.456, 96.341
39.274, -38.377, 96.322
39.212, -38.298, 96.312
39.151, -38.22, 96.302
39.089, -38.141, 96.292
39.028, -38.062, 96.282
38.966, -37.983, 96.261
38.905, -37.904, 96.25
38.844, -37.825, 96.239
38.783, -37.746, 96.228
38.722, -37.667, 96.217
38.661, -37.587, 96.206
38.6, -37.508, 96.182
38.539, -37.428, 96.171
38.479, -37.349, 96.159
38.418, -37.269, 96.146
38.358, -37.19, 96.134
38.297, -37.11, 96.121
38.237, -37.03, 96.096
38.177, -36.95, 96.082
38.117, -36.87, 96.069
38.057, -36.79, 96.056
37.997, -36.71, 96.042
37.937, -36.63, 96.028
37.878, -36.549, 96.014
37.818, -36.469, 96
37.759, -36.389, 95.971
37.7, -36.308, 95.956
37.64, -36.228, 95.941
37.581, -36.147, 95.926
37.522, -36.066, 95.911
37.463, -35.985, 95.895
37.404, -35.905, 95.879
37.346, -35.824, 95.863
37.287, -35.743, 95.831
37.229, -35.661, 95.814
37.17, -35.58, 95.798
37.112, -35.499, 95.781
37.054, -35.418, 95.764
36.996, -35.336, 95.746
36.938, -35.255, 95.729
36.88, -35.173, 95.711
36.822, -35.091, 95.693
36.765, -35.01, 95.656
36.707, -34.928, 95.638
36.65, -34.846, 95.619
36.593, -34.764, 95.6
36.536, -34.682, 95.581
36.478, -34.6, 95.561
36.422, -34.518, 95.541
36.365, -34.435, 95.521
36.308, -34.353, 95.501
36.251, -34.27, 95.481
36.195, -34.188, 95.46
36.139, -34.105, 95.418
36.083, -34.023, 95.397
36.026, -33.94, 95.375
35.97, -33.857, 95.353
35.915, -33.774, 95.331
35.859, -33.691, 95.309
35.803, -33.608, 95.286
35.748, -33.525, 95.263
35.692, -33.441, 95.24
35.637, -33.358, 95.217
35.582, -33.274, 95.193
35.527, -33.191, 95.169
35.472, -33.107, 95.12
35.418, -33.024, 95.096
35.363, -32.94, 95.071
35.309, -32.856, 95.045
35.254, -32.772, 95.02
35.2, -32.688, 94.994
35.146, -32.604, 94.968
35.092, -32.52, 94.941
35.038, -32.435, 94.915
34.985, -32.351, 94.888
34.931, -32.266, 94.86
34.878, -32.182, 94.833
34.824, -32.097, 94.805
34.771, -32.013, 94.777
34.718, -31.928, 94.719
34.666, -31.843, 94.69
34.613, -31.758, 94.661
34.56, -31.673, 94.631
34.508, -31.588, 94.601
34.456, -31.502, 94.57
34.404, -31.417, 94.54
34.352, -31.331, 94.509
34.3, -31.246, 94.477
34.248, -31.16, 94.445
34.197, -31.075, 94.413
34.145, -30.989, 94.381
34.094, -30.903, 94.348
34.043, -30.817, 94.315
33.992, -30.731, 94.281
33.941, -30.645, 94.247
33.891, -30.558, 94.178
33.841, -30.472, 94.143
33.79, -30.386, 94.108
33.74, -30.299, 94.072
33.69, -30.212, 94.036
33.64, -30.126, 93.999
33.591, -30.039, 93.962
33.541, -29.952, 93.925
33.492, -29.865, 93.887
33.443, -29.778, 93.849
33.394, -29.69, 93.811
33.345, -29.603, 93.772
33.297, -29.516, 93.732
33.248, -29.428, 93.692
33.2, -29.341, 93.652
33.152, -29.253, 93.611
33.104, -29.165, 93.57
33.056, -29.077, 93.486
33.009, -28.989, 93.444
32.962, -28.901, 93.401
32.914, -28.813, 93.358
32.867, -28.725, 93.314
32.821, -28.636, 93.269
32.774, -28.548, 93.224
32.728, -28.459, 93.179
32.681, -28.371, 93.133
32.635, -28.282, 93.087
32.59, -28.193, 93.04
32.544, -28.104, 92.993
32.499, -28.015, 92.945
32.453, -27.926, 92.897
32.408, -27.836, 92.848
32.363, -27.747, 92.799
32.319, -27.658, 92.698
32.274, -27.568, 92.647
32.23, -27.478, 92.596
32.186, -27.389, 92.544
32.142, -27.299, 92.491
32.099, -27.209, 92.438
32.055, -27.119, 92.384
32.012, -27.028, 92.33
31.969, -26.938, 92.275
31.927, -26.848, 92.219
31.884, -26.757, 92.163
31.842, -26.666, 92.107
31.8, -26.576, 92.049
31.758, -26.485, 91.991
31.716, -26.394, 91.874
31.675, -26.303, 91.814
31.634, -26.212, 91.754
31.593, -26.12, 91.693
31.552, -26.029, 91.631
31.512, -25.938, 91.568
31.472, -25.846, 91.505
31.432, -25.754, 91.442
31.392, -25.662, 91.377
31.353, -25.571, 91.312
31.314, -25.479, 91.247
31.275, -25.386, 91.18
31.236, -25.294, 91.113
31.198, -25.202, 90.977
31.16, -25.109, 90.908
31.122, -25.017, 90.838
31.084, -24.924, 90.767
31.047, -24.831, 90.696
31.01, -24.738, 90.624
30.973, -24.645, 90.551
30.937, -24.552, 90.477
30.901, -24.459, 90.403
30.865, -24.366, 90.327
30.829, -24.272, 90.238
30.794, -24.179, 90.097
30.759, -24.085, 90.019
30.724, -23.991, 89.94
30.69, -23.898, 89.86
30.655, -23.804, 89.779
30.622, -23.709, 89.698
30.588, -23.615, 89.615
30.555, -23.521, 89.532
30.522, -23.426, 89.448
30.489, -23.332, 89.334
30.457, -23.237, 89.191
30.425, -23.143, 89.104
30.393, -23.048, 89.016
30.362, -22.953, 88.927
30.331, -22.858, 88.837
30.3, -22.762, 88.746
30.27, -22.667, 88.654
30.24, -22.572, 88.561
30.211, -22.476, 88.422
30.181, -22.381, 88.278
30.152, -22.285, 88.182
30.124, -22.189, 88.085
30.096, -22.093, 87.987
30.068, -21.997, 87.888
30.04, -21.901, 87.762
30.013, -21.805, 87.617
29.987, -21.708, 87.472
29.96, -21.612, 87.326
29.934, -21.515, 87.181
29.909, -21.419, 87.035
29.884, -21.322, 86.889
29.859, -21.225, 86.743
29.834, -21.128, 86.596
29.81, -21.031, 86.449
29.787, -20.934, 86.302
29.764, -20.836, 86.155
29.741, -20.739, 86.008
29.719, -20.641, 85.86
29.697, -20.544, 85.712
29.675, -20.446, 85.563
29.654, -20.348, 85.415
29.634, -20.251, 85.266
29.614, -20.153, 85.117
29.594, -20.055, 84.968
29.575, -19.956, 84.818
29.556, -19.858, 84.668
29.538, -19.76, 84.518
29.52, -19.662, 84.368
29.502, -19.563, 84.217
29.486, -19.464, 84.066
29.469, -19.366, 83.915
29.453, -19.267, 83.763
29.438, -19.168, 83.612
29.423, -19.069, 83.46
29.408, -18.97, 83.307
29.395, -18.871, 83.155
29.381, -18.772, 83.002
29.368, -18.673, 82.849
29.356, -18.574, 82.695
29.344, -18.475, 82.542
29.333, -18.375, 82.388
29.322, -18.276, 82.233
29.312, -18.176, 82.079
29.302, -18.077, 81.924
29.293, -17.977, 81.769
29.284, -17.878, 81.613
29.276, -17.778, 81.457
29.269, -17.678, 81.301
29.262, -17.578, 81.145
29.256, -17.479, 80.988
29.25, -17.379, 80.831
29.245, -17.279, 80.674
29.241, -17.179, 80.517
29.237, -17.079, 80.359
29.234, -16.979, 80.2
29.231, -16.879, 80.042
29.229, -16.779, 79.883
29.228, -16.679, 79.724
29.227, -16.579, 79.565
29.227, -16.479, 79.405
29.227, -16.379, 79.245
29.229, -16.279, 79.084
29.23, -16.179, 78.923
29.233, -16.079, 78.762
29.236, -15.979, 78.601
29.24, -15.879, 78.439
29.244, -15.78, 78.277
29.25, -15.68, 78.115
29.256, -15.58, 77.952
29.262, -15.48, 77.789
29.269, -15.38, 77.625
29.277, -15.281, 77.462
29.286, -15.181, 77.298
29.296, -15.081, 77.133
29.306, -14.982, 76.999
29.317, -14.883, 76.843
29.328, -14.783, 76.677
29.34, -14.684, 76.511
29.354, -14.585, 76.345
29.367, -14.486, 76.218
29.382, -14.387, 76.062
29.397, -14.288, 75.895
29.413, -14.189, 75.727
29.43, -14.091, 75.608
29.448, -13.992, 75.49
29.466, -13.894, 75.322
29.485, -13.796, 75.153
29.505, -13.698, 75.044
29.526, -13.6, 74.937
29.547, -13.502, 74.801
29.569, -13.405, 74.631
29.592, -13.308, 74.534
29.616, -13.21, 74.439
29.64, -13.113, 74.342
29.666, -13.017, 74.171
29.692, -12.92, 74.087
29.719, -12.824, 74.006
29.747, -12.728, 73.928
29.775, -12.632, 73.852
29.804, -12.536, 73.711
29.834, -12.441, 73.645
29.865, -12.346, 73.582
29.897, -12.251, 73.523
29.929, -12.156, 73.414
29.963, -12.062, 73.364
29.997, -11.968, 73.318
30.032, -11.874, 73.276
30.067, -11.781, 73.202
30.104, -11.688, 73.17
30.141, -11.595, 73.142
30.179, -11.503, 73.117
30.218, -11.41, 73.08
30.258, -11.319, 73.067
30.298, -11.227, 73.058
30.339, -11.136, 73.052
30.381, -11.045, 73.051
30.424, -10.955, 73.059
30.467, -10.865, 73.069
30.512, -10.775, 73.083
30.557, -10.686, 73.101
30.602, -10.597, 73.123
30.649, -10.508, 73.178
30.696, -10.42, 73.212
30.744, -10.333, 73.249
30.793, -10.245, 73.29
30.843, -10.158, 73.335
30.893, -10.072, 73.437
30.944, -9.986, 73.494
30.996, -9.9, 73.554
31.048, -9.815, 73.618
31.101, -9.731, 73.686
31.155, -9.646, 73.832
31.21, -9.562, 73.91
31.265, -9.479, 73.993
31.321, -9.396, 74.078
31.377, -9.314, 74.167
31.435, -9.232, 74.26
31.493, -9.15, 74.455
31.551, -9.069, 74.557
31.611, -8.989, 74.662
31.67, -8.909, 74.771
31.731, -8.829, 74.883
31.792, -8.75, 74.997
31.854, -8.671, 75.235
31.916, -8.593, 75.359
31.98, -8.516, 75.484
32.043, -8.439, 75.613
32.107, -8.362, 75.744
32.172, -8.286, 75.878
32.238, -8.21, 76.014
32.304, -8.135, 76.152
32.37, -8.06, 76.436
32.437, -7.986, 76.581
32.505, -7.913, 76.728
32.573, -7.84, 76.877
32.642, -7.767, 77.028
32.711, -7.695, 77.181
32.781, -7.623, 77.335
32.851, -7.552, 77.491
32.922, -7.482, 77.649
32.994, -7.412, 77.808
33.065, -7.342, 78.131
33.138, -7.273, 78.294
33.211, -7.204, 78.458
33.284, -7.136, 78.624
33.357, -7.069, 78.79
33.432, -7.002, 78.958
33.506, -6.935, 79.126
33.581, -6.869, 79.295
33.657, -6.803, 79.465
33.733, -6.738, 79.636
33.809, -6.674, 79.807
33.886, -6.61, 79.979
33.963, -6.546, 80.151
34.041, -6.483, 80.323
34.119, -6.42, 80.496
34.197, -6.358, 80.669
34.276, -6.297, 80.843
34.355, -6.235, 81.016
34.434, -6.175, 81.19
34.514, -6.115, 81.363
34.594, -6.055, 81.537
34.675, -5.996, 81.71
34.756, -5.937, 81.883
34.837, -5.878, 82.056
34.919, -5.821, 82.229
35, -5.763, 82.402
35.083, -5.706, 82.574
35.165, -5.65, 82.746
35.248, -5.594, 82.917
35.331, -5.538, 83.088
35.415, -5.483, 83.258
35.498, -5.428, 83.427
35.582, -5.374, 83.596
35.667, -5.32, 83.765
35.751, -5.267, 83.932
35.836, -5.214, 84.099
35.921, -5.162, 84.099
36.007, -5.11, 84.265
36.092, -5.058, 84.43
36.178, -5.007, 84.595
36.264, -4.956, 84.758
36.351, -4.906, 84.921
36.437, -4.856, 84.895
36.524, -4.806, 84.745
36.611, -4.757, 84.595
36.699, -4.708, 84.445
36.786, -4.66, 84.295
36.874, -4.612, 84.144
36.962, -4.565, 83.993
37.05, -4.518, 83.841
37.139, -4.471, 83.69
37.227, -4.425, 83.538
37.316, -4.379, 83.386
37.405, -4.333, 83.233
37.494, -4.288, 83.081
37.584, -4.243, 82.928
37.673, -4.199, 82.774
37.763, -4.155, 82.621
37.853, -4.111, 82.467
37.943, -4.068, 82.313
38.034, -4.025, 82.158
38.124, -3.982, 82.004
38.215, -3.94, 81.849
38.306, -3.898, 81.693
38.397, -3.857, 81.538
38.488, -3.816, 81.382
38.579, -3.775, 81.226
38.67, -3.734, 81.069
38.762, -3.694, 80.912
38.854, -3.654, 80.755
38.946, -3.615, 80.598
39.038, -3.576, 80.44
39.13, -3.537, 80.282
39.222, -3.499, 80.124
39.315, -3.461, 79.965
39.407, -3.423, 79.806
39.5, -3.385, 79.647
39.593, -3.348, 79.487
39.686, -3.311, 79.327
39.779, -3.275, 79.167
39.872, -3.239, 79.006
39.965, -3.203, 78.845
40.059, -3.167, 78.684
40.152, -3.132, 78.523
40.246, -3.097, 78.361
40.34, -3.062, 78.198
40.434, -3.028, 78.036
40.528, -2.994, 77.873
40.622, -2.96, 77.71
40.716, -2.926, 77.546
40.81, -2.893, 77.382
40.905, -2.86, 77.218
40.999, -2.828, 77.053
41.094, -2.795, 76.888
41.189, -2.763, 76.723
41.284, -2.731, 76.557
41.378, -2.7, 76.391
41.473, -2.669, 76.225
41.569, -2.638, 76.058
41.664, -2.607, 75.891
41.759, -2.576, 75.723
41.854, -2.546, 75.555
41.95, -2.516, 75.387
42.045, -2.487, 75.218
42.141, -2.457, 75.049
42.236, -2.428, 74.88
42.332, -2.399, 74.71
42.428, -2.371, 74.54
42.524, -2.342, 74.369
42.62, -2.314, 74.198
42.716, -2.286, 74.027
42.812, -2.258, 73.855
42.908, -2.231, 73.683
43.004, -2.204, 73.511
43.101, -2.177, 73.338
43.197, -2.15, 73.164
43.293, -2.124, 72.99
43.39, -2.098, 72.816
43.487, -2.072, 72.642
43.583, -2.046, 72.467
43.68, -2.02, 72.291
43.777, -1.995, 72.115
43.873, -1.97, 71.939
43.97, -1.945, 71.762
44.067, -1.92, 71.585
44.164, -1.896, 71.407
44.261, -1.872, 71.229
44.358, -1.848, 71.051
44.455, -1.824, 70.872
44.553, -1.801, 70.692
44.65, -1.777, 70.512
44.747, -1.754, 70.332
44.844, -1.731, 70.151
44.942, -1.709, 69.97
45.039, -1.686, 69.788
45.137, -1.664, 69.606
45.234, -1.642, 69.423
45.332, -1.62, 69.24
45.43, -1.598, 69.056
45.527, -1.577, 68.872
45.625, -1.555, 68.688
45.723, -1.534, 68.503
45.82, -1.513, 68.317
45.918, -1.493, 68.131
46.016, -1.472, 67.944
46.114, -1.452, 67.757
46.212, -1.432, 67.569
46.31, -1.412, 67.381
46.408, -1.392, 67.192
46.506, -1.372, 67.003
46.604, -1.353, 66.813
46.702, -1.334, 66.623
46.801, -1.315, 66.432
46.899, -1.296, 66.24
46.997, -1.277, 66.048
47.095, -1.259, 65.856
47.194, -1.241, 65.663
47.292, -1.222, 65.469
47.39, -1.204, 65.275
47.489, -1.187, 65.08
47.587, -1.169, 64.885
47.686, -1.152, 64.688
47.784, -1.134, 64.492
47.883, -1.117, 64.295
47.981, -1.1, 64.097
48.08, -1.084, 63.898
48.178, -1.067, 63.699
48.277, -1.051, 63.5
48.376, -1.034, 63.299
48.474, -1.018, 63.098
48.573, -1.002, 62.897
48.672, -0.986, 62.694
48.771, -0.971, 62.492
48.869, -0.955, 62.288
48.968, -0.94, 62.084
49.067, -0.925, 61.879
49.166, -0.91, 61.673
49.265, -0.895, 61.467
49.364, -0.88, 61.26
49.463, -0.866, 61.052
49.562, -0.851, 60.844
49.661, -0.837, 60.635
49.76, -0.823, 60.425
49.859, -0.809, 60.215
49.958, -0.795, 60.003
50.057, -0.782, 59.791
50.156, -0.768, 59.579
50.255, -0.755, 59.365
50.354, -0.742, 59.151
50.453, -0.729, 58.936
50.552, -0.716, 58.72
50.652, -0.703, 58.503
50.751, -0.69, 58.285
50.85, -0.678, 58.067
50.949, -0.665, 57.848
51.048, -0.653, 57.628
51.148, -0.641, 57.407
51.247, -0.629, 57.186
51.346, -0.617, 56.963
51.446, -0.605, 56.74
51.545, -0.594, 56.515
51.644, -0.582, 56.29
51.744, -0.571, 56.064
51.843, -0.56, 55.837
51.942, -0.549, 55.609
52.042, -0.538, 55.38
52.141, -0.527, 55.151
52.241, -0.517, 54.92
52.34, -0.506, 54.688
52.44, -0.496, 54.455
52.539, -0.485, 54.222
52.639, -0.475, 53.987
52.738, -0.465, 53.751
52.838, -0.455, 53.514
52.937, -0.446, 53.277
53.037, -0.436, 53.038
53.136, -0.427, 52.798
53.236, -0.417, 52.557
53.335, -0.408, 52.314
53.435, -0.399, 52.071
53.534, -0.39, 51.827
53.634, -0.381, 51.581
53.734, -0.372, 51.334
53.833, -0.363, 51.086
53.933, -0.355, 50.837
54.033, -0.346, 50.587
54.132, -0.338, 50.335
54.232, -0.33, 50.082
54.331, -0.322, 49.828
54.431, -0.314, 49.572
54.531, -0.306, 49.315
54.631, -0.298, 49.057
54.73, -0.29, 48.798
54.83, -0.283, 48.537
54.93, -0.275, 48.274
55.029, -0.268, 48.01
55.129, -0.261, 47.745
55.229, -0.254, 47.478
55.329, -0.246, 47.21
55.428, -0.24, 46.94
55.528, -0.233, 46.669
55.628, -0.226, 46.396
55.728, -0.22, 46.122
55.828, -0.213, 45.845
55.927, -0.207, 45.568
56.027, -0.2, 45.288
56.127, -0.194, 45.007
56.227, -0.188, 44.724
56.327, -0.182, 44.439
56.426, -0.176, 44.152
56.526, -0.171, 43.863
56.626, -0.165, 43.573
56.726, -0.159, 43.28
56.826, -0.154, 42.986
56.926, -0.149, 42.69
57.026, -0.143, 42.391
57.125, -0.138, 42.09
57.225, -0.133, 41.788
57.325, -0.128, 41.483
57.425, -0.123, 41.175
57.525, -0.119, 40.866
57.625, -0.114, 40.554
57.725, -0.109, 40.239
57.825, -0.105, 39.922
57.924, -0.1, 39.603
58.024, -0.096, 39.281
58.124, -0.092, 38.956
58.224, -0.088, 38.629
58.324, -0.084, 38.299
58.424, -0.08, 37.966
58.524, -0.076, 37.63
58.624, -0.072, 37.291
58.724, -0.068, 36.949
58.824, -0.065, 36.603
58.924, -0.061, 36.255
59.024, -0.058, 35.903
59.124, -0.055, 35.547
59.224, -0.052, 35.188
59.324, -0.048, 34.825
59.423, -0.045, 34.459
59.523, -0.042, 34.088
59.623, -0.04, 33.713
59.723, -0.037, 33.335
59.823, -0.034, 32.951
59.923, -0.032, 32.564
60.023, -0.029, 32.171
60.123, -0.027, 31.774
60.223, -0.024, 31.372
60.323, -0.022, 30.964
60.423, -0.02, 30.552
60.523, -0.018, 30.133
60.623, -0.016, 29.709
60.723, -0.014, 29.278
60.823, -0.012, 28.841
60.923, -0.01, 28.397
61.023, -0.008, 27.946
61.123, -0.007, 27.488
61.223, -0.005, 27.022
61.323, -0.004, 26.548
61.423, -0.002, 26.065
61.523, -0.001, 25.573
61.623, 0, 25.072
61.723, 0.001, 24.56
61.823, 0.002, 24.037
61.923, 0.003, 23.503
62.023, 0.004, 22.956
62.123, 0.005, 22.396
62.223, 0.006, 21.822
62.323, 0.006, 21.232
62.423, 0.007, 20.625
62.523, 0.007, 20
62.717, 0.008, 0
62.717, 0.008, 0
82.717, 0.094, 0
endData
127
100
200
48, -48, 47, -47, 47, -47, 46, -46
46, -46, 44, -44, 0.198, -0.198, 62.717, 0.008
#PATH.JERRYIO-DATA {"appVersion":"0.8.3","format":"LemLib v0.5","gc":{"robotWidth":15,"robotHeight":16,"robotIsHolonomic":false,"showRobot":true,"uol":2.54,"pointDensity":0.1,"controlMagnetDistance":1.968503937007874,"fieldImage":{"displayName":"V5RC 2025 - High Stakes (Skills)","signature":"V5RC 2025 - High Stakes (Skills)","origin":{"__type":"built-in"}},"coordinateSystem":"VEX Gaming Positioning System"},"paths":[{"segments":[{"controls":[{"uid":"tp4fwZR1rr","x":-46.84605453746755,"y":-23.513814196131964,"lock":false,"visible":true,"heading":0,"__type":"end-point"},{"uid":"weVTHxLXVR","x":-39.41803320488813,"y":-23.720148122036946,"lock":false,"visible":true,"__type":"control"},{"uid":"V7WacB3YCS","x":-36.32302431631339,"y":-23.92648204794193,"lock":false,"visible":true,"__type":"control"},{"uid":"FBnkPwYXqX","x":-26.62532979877913,"y":-23.720148122036946,"lock":false,"visible":true,"heading":0,"__type":"end-point"}],"speedProfiles":[{"uid":"WaU8KUxGHa","xPos":0.46078431372549017,"yPos":1,"followBentRate":true}],"lookaheadKeyframes":[],"uid":"T1sneRDRjo"},{"controls":[{"uid":"FBnkPwYXqX","x":-26.62532979877913,"y":-23.720148122036946,"lock":false,"visible":true,"heading":0,"__type":"end-point"},{"uid":"rSQAJ0B9HT","x":-16.92763528124489,"y":-23.51381419613196,"lock":false,"visible":true,"__type":"control"},{"uid":"SNde8aL2BA","x":-13.419958540860156,"y":-28.878496269661547,"lock":false,"visible":true,"__type":"control"},{"uid":"ur3A2aMJQ9","x":-10.118615726380416,"y":-34.86218012090608,"lock":false,"visible":true,"heading":0,"__type":"end-point"}],"speedProfiles":[],"lookaheadKeyframes":[],"uid":"xsSNIygJ0h"},{"controls":[{"uid":"ur3A2aMJQ9","x":-10.118615726380416,"y":-34.86218012090608,"lock":false,"visible":true,"heading":0,"__type":"end-point"},{"uid":"Et7anQkjcw","x":-6.404605060090705,"y":-41.87753360167553,"lock":false,"visible":true,"__type":"control"},{"uid":"qowsr4Dr3a","x":-2.277926541991027,"y":-42.2902014534855,"lock":false,"visible":true,"__type":"control"},{"uid":"TbiMwgxX1J","x":4.94376086468341,"y":-43.32187108301042,"lock":false,"visible":true,"heading":0,"__type":"end-point"}],"speedProfiles":[],"lookaheadKeyframes":[],"uid":"loio9E0xXe"},{"controls":[{"uid":"TbiMwgxX1J","x":4.94376086468341,"y":-43.32187108301042,"lock":false,"visible":true,"heading":0,"__type":"end-point"},{"uid":"6rchQEOprl","x":12.165448271357848,"y":-44.35354071253534,"lock":false,"visible":true,"__type":"control"},{"uid":"FT6FKC19Ml","x":14.228787530407686,"y":-38.16352293538582,"lock":false,"visible":true,"__type":"control"},{"uid":"puy9IqUS1q","x":23.720148122036946,"y":-47.24221567520512,"lock":false,"visible":true,"heading":0,"__type":"end-point"}],"speedProfiles":[],"lookaheadKeyframes":[],"uid":"NA2chCMHj9"},{"controls":[{"uid":"puy9IqUS1q","x":23.720148122036946,"y":-47.24221567520512,"lock":false,"visible":true,"heading":0,"__type":"end-point"},{"uid":"8FMSfSJezr","x":30.529167676901416,"y":-55.08290485959451,"lock":false,"visible":true,"__type":"control"},{"uid":"IDOfU0zzmh","x":20.62513923346219,"y":-62.9235940439839,"lock":false,"visible":true,"__type":"control"},{"uid":"mLNdGvLOMw","x":0.4044144947737643,"y":-58.796915525884216,"lock":false,"visible":true,"heading":0,"__type":"end-point"}],"speedProfiles":[],"lookaheadKeyframes":[],"uid":"dYTUEm80Po"},{"controls":[{"uid":"mLNdGvLOMw","x":0.4044144947737643,"y":-58.796915525884216,"lock":false,"visible":true,"heading":0,"__type":"end-point"},{"uid":"8TRG9uxOKf","x":-9.086946096855495,"y":-56.11457448911942,"lock":false,"visible":true,"__type":"control"},{"uid":"bT3R6CFAK3","x":-9.912281800475432,"y":-47.24221567520512,"lock":false,"visible":true,"__type":"control"},{"uid":"XmCevfjDtC","x":-24.355656613824305,"y":-47.24221567520512,"lock":false,"visible":true,"heading":0,"__type":"end-point"}],"speedProfiles":[],"lookaheadKeyframes":[],"uid":"7XVjILHhf9"},{"controls":[{"uid":"XmCevfjDtC","x":-24.355656613824305,"y":-47.24221567520512,"lock":false,"visible":true,"heading":0,"__type":"end-point"},{"uid":"Cc5mRgyQNZ","x":-38.592697501268205,"y":-47.4485496011101,"lock":false,"visible":true,"__type":"control"},{"uid":"h1kKzg3VUh","x":-44.37004742660775,"y":-46.62321389749017,"lock":false,"visible":true,"__type":"control"},{"uid":"IqTei4NkEd","x":-56.13108120319183,"y":-46.41687997158518,"lock":false,"visible":true,"heading":0,"__type":"end-point"}],"speedProfiles":[],"lookaheadKeyframes":[],"uid":"aQquyLxDts"}],"pc":{"speedLimit":{"minLimit":{"value":0,"label":"0"},"maxLimit":{"value":127,"label":"127"},"step":1,"from":0,"to":127},"bentRateApplicableRange":{"minLimit":{"value":0,"label":"0"},"maxLimit":{"value":1,"label":"1"},"step":0.001,"from":0,"to":0.079},"maxDecelerationRate":128.1},"name":"Path","uid":"hj0pQaEban","lock":false,"visible":false},{"segments":[{"controls":[{"uid":"8JI68o4l8y","x":47.4485496011101,"y":0.00825335703620358,"lock":false,"visible":true,"heading":0,"__type":"end-point"},{"uid":"YlbpxYgcn5","x":41.052197898055596,"y":-11.546446493642897,"lock":false,"visible":true,"__type":"control"},{"uid":"tPmKptrQDA","x":30.32283375099641,"y":-20.62513923346218,"lock":false,"visible":true,"__type":"control"},{"uid":"ctjNRFvzwe","x":15.054123234027623,"y":-11.75278041954788,"lock":false,"visible":true,"heading":0,"__type":"end-point"}],"speedProfiles":[],"lookaheadKeyframes":[],"uid":"4Xvy53lCPs"},{"controls":[{"uid":"ctjNRFvzwe","x":15.054123234027623,"y":-11.75278041954788,"lock":false,"visible":true,"heading":0,"__type":"end-point"},{"uid":"XXRqoCXYsH","x":-0.2145872829411477,"y":-2.8804216056335825,"lock":false,"visible":true,"__type":"control"},{"uid":"kQvv8sxx3W","x":-15.276963874005013,"y":15.380130836957505,"lock":false,"visible":true,"__type":"control"},{"uid":"IMHRwlInuf","x":-21.260647725249548,"y":21.260647725249548,"lock":false,"visible":true,"heading":0,"__type":"end-point"}],"speedProfiles":[],"lookaheadKeyframes":[],"uid":"XEDP8nPlGa"},{"controls":[{"uid":"IMHRwlInuf","x":-21.260647725249548,"y":21.260647725249548,"lock":false,"visible":true,"heading":0,"__type":"end-point"},{"uid":"QeEKhWOVur","x":-27.244331576494083,"y":27.14116461354159,"lock":false,"visible":true,"__type":"control"},{"uid":"gKhsN97a1q","x":-22.39548431772696,"y":34.05335113135855,"lock":false,"visible":true,"__type":"control"},{"uid":"QGhyQLGbaB","x":-23.53032091020437,"y":46.84605453746755,"lock":false,"visible":true,"heading":0,"__type":"end-point"}],"speedProfiles":[],"lookaheadKeyframes":[],"uid":"jIMQtzlqw6"}],"pc":{"speedLimit":{"minLimit":{"value":0,"label":"0"},"maxLimit":{"value":127,"label":"127"},"step":1,"from":20,"to":100},"bentRateApplicableRange":{"minLimit":{"value":0,"label":"0"},"maxLimit":{"value":1,"label":"1"},"step":0.001,"from":0,"to":0.1},"maxDecelerationRate":127},"name":"Path","uid":"q3kBkyvvBW","lock":false,"visible":false},{"segments":[{"controls":[{"uid":"K7NCskYm1b","x":58,"y":58,"lock":false,"visible":true,"heading":0,"__type":"end-point"},{"uid":"2irk7oGCXH","x":55.08290485959451,"y":54.27407587004698,"lock":false,"visible":true,"heading":0,"__type":"end-point"}],"speedProfiles":[],"lookaheadKeyframes":[],"uid":"6GcIf4XJpF"},{"controls":[{"uid":"2irk7oGCXH","x":55.08290485959451,"y":54.27407587004698,"lock":false,"visible":true,"heading":0,"__type":"end-point"},{"uid":"AQPGYfGU1d","x":52.16580971918901,"y":50.54815174009396,"lock":false,"visible":true,"__type":"control"},{"uid":"lC3YbUxWTj","x":11.959114345452864,"y":50.1473973519473,"lock":false,"visible":true,"__type":"control"},{"uid":"IHohwBDcQ1","x":23.101146344321997,"y":23.736654836109356,"lock":false,"visible":true,"heading":0,"__type":"end-point"}],"speedProfiles":[],"lookaheadKeyframes":[],"uid":"n9RgblVymz"},{"controls":[{"uid":"IHohwBDcQ1","x":23.101146344321997,"y":23.736654836109356,"lock":false,"visible":true,"heading":0,"__type":"end-point"},{"uid":"YTuPgyDIBU","x":34.24317834319113,"y":-2.6740876797285864,"lock":false,"visible":true,"__type":"control"},{"uid":"LB6KnJS7Pi","x":46.31371300863269,"y":3.6190970603734223,"lock":false,"visible":true,"__type":"control"},{"uid":"mSyvUqf7xG","x":54.257569155974565,"y":-2.6740876797285873,"lock":false,"visible":true,"heading":0,"__type":"end-point"}],"speedProfiles":[],"lookaheadKeyframes":[],"uid":"ljX6Ep63ZJ"},{"controls":[{"uid":"mSyvUqf7xG","x":54.257569155974565,"y":-2.6740876797285873,"lock":false,"visible":true,"heading":0,"__type":"end-point"},{"uid":"79fe7zCjSC","x":68.90727789522842,"y":-9.483107234593056,"lock":false,"visible":true,"__type":"control"},{"uid":"FjxLU2qrss","x":50.130890637874884,"y":-44.9725424902503,"lock":false,"visible":true,"__type":"control"},{"uid":"ywNcjdjX6s","x":59.003249451789195,"y":-55.701906637309456,"lock":false,"visible":true,"heading":0,"__type":"end-point"}],"speedProfiles":[],"lookaheadKeyframes":[],"uid":"D7m2WOTMIb"}],"pc":{"speedLimit":{"minLimit":{"value":0,"label":"0"},"maxLimit":{"value":127,"label":"127"},"step":1,"from":20,"to":100},"bentRateApplicableRange":{"minLimit":{"value":0,"label":"0"},"maxLimit":{"value":1,"label":"1"},"step":0.001,"from":0,"to":0.1},"maxDecelerationRate":127},"name":"Path","uid":"imkik1Xec0","lock":false,"visible":false},{"segments":[{"controls":[{"uid":"dHNlII536W","x":48,"y":-48,"lock":false,"visible":true,"heading":0,"__type":"end-point"},{"uid":"XRy8IwNZGf","x":46,"y":-46,"lock":false,"visible":true,"heading":0,"__type":"end-point"}],"speedProfiles":[],"lookaheadKeyframes":[],"uid":"kdLyeu77nR"},{"controls":[{"uid":"XRy8IwNZGf","x":46,"y":-46,"lock":false,"visible":true,"heading":0,"__type":"end-point"},{"uid":"TgZV1HTq7E","x":44,"y":-44,"lock":false,"visible":true,"__type":"control"},{"uid":"4Hu7Y1B8nl","x":0.19808056886878034,"y":-0.19808056886878034,"lock":false,"visible":true,"__type":"control"},{"uid":"YexcY0AgDa","x":62.71726011807891,"y":0.00825335703620358,"lock":false,"visible":true,"heading":0,"__type":"end-point"}],"speedProfiles":[],"lookaheadKeyframes":[],"uid":"bVUbM9E7ly"}],"pc":{"speedLimit":{"minLimit":{"value":0,"label":"0"},"maxLimit":{"value":127,"label":"127"},"step":1,"from":20,"to":100},"bentRateApplicableRange":{"minLimit":{"value":0,"label":"0"},"maxLimit":{"value":1,"label":"1"},"step":0.001,"from":0,"to":0.1},"maxDecelerationRate":127},"name":"Path","uid":"qyrybT9sDj","lock":false,"visible":false}]}