-48, -24, 76.512
-47.9, -23.997, 76.386
-47.8, -23.994, 76.26
-47.7, -23.99, 76.134
-47.6, -23.987, 76.007
-47.5, -23.984, 75.881
-47.4, -23.981, 75.754
-47.3, -23.978, 75.627
-47.2, -23.975, 75.499
-47.1, -23.972, 75.372
-47, -23.969, 75.244
-46.901, -23.966, 75.116
-46.801, -23.963, 74.988
-46.701, -23.96, 74.86
-46.601, -23.957, 74.731
-46.501, -23.954, 74.602
-46.401, -23.951, 74.473
-46.301, -23.948, 74.344
-46.201, -23.946, 74.214
-46.101, -23.943, 74.085
-46.001, -23.94, 73.955
-45.901, -23.938, 73.824
-45.801, -23.935, 73.694
-45.701, -23.932, 73.563
-45.601, -23.93, 73.432
-45.501, -23.927, 73.301
-45.401, -23.925, 73.17
-45.301, -23.922, 73.038
-45.201, -23.92, 72.907
-45.101, -23.917, 72.774
-45.001, -23.915, 72.642
-44.901, -23.913, 72.51
-44.801, -23.91, 72.377
-44.701, -23.908, 72.244
-44.601, -23.906, 72.11
-44.501, -23.903, 71.977
-44.401, -23.901, 71.843
-44.301, -23.899, 71.709
-44.201, -23.897, 71.575
-44.101, -23.895, 71.44
-44.001, -23.893, 71.306
-43.901, -23.891, 71.171
-43.801, -23.889, 71.035
-43.702, -23.887, 70.9
-43.602, -23.885, 70.764
-43.502, -23.883, 70.628
-43.402, -23.881, 70.491
-43.302, -23.88, 70.355
-43.202, -23.878, 70.218
-43.102, -23.876, 70.081
-43.002, -23.875, 69.943
-42.902, -23.873, 69.806
-42.802, -23.871, 69.668
-42.702, -23.87, 69.53
-42.602, -23.868, 69.391
-42.502, -23.867, 69.252
-42.402, -23.865, 69.113
-42.302, -23.864, 68.974
-42.202, -23.863, 68.834
-42.102, -23.861, 68.694
-42.002, -23.86, 68.554
-41.902, -23.859, 68.414
-41.802, -23.857, 68.273
-41.702, -23.856, 68.132
-41.602, -23.855, 67.991
-41.502, -23.854, 67.849
-41.402, -23.853, 67.707
-41.302, -23.852, 67.565
-41.202, -23.851, 67.422
-41.102, -23.85, 67.279
-41.002, -23.849, 67.136
-40.902, -23.848, 66.993
-40.802, -23.847, 66.849
-40.702, -23.846, 66.705
-40.602, -23.845, 66.561
-40.502, -23.845, 66.416
-40.402, -23.844, 66.271
-40.302, -23.843, 66.126
-40.202, -23.842, 65.98
-40.102, -23.842, 65.834
-40.002, -23.841, 65.688
-39.902, -23.84, 65.541
-39.802, -23.84, 65.394
-39.702, -23.839, 65.247
-39.602, -23.839, 65.099
-39.502, -23.838, 64.951
-39.402, -23.838, 64.803
-39.302, -23.837, 64.654
-39.202, -23.837, 64.506
-39.102, -23.836, 64.356
-39.002, -23.836, 64.207
-38.902, -23.835, 64.057
-38.802, -23.835, 63.906
-38.702, -23.834, 63.755
-38.602, -23.834, 63.604
-38.502, -23.834, 63.453
-38.402, -23.833, 63.301
-38.302, -23.833, 63.149
-38.202, -23.833, 62.997
-38.102, -23.832, 62.844
-38.002, -23.832, 62.69
-37.902, -23.832, 62.537
-37.802, -23.831, 62.383
-37.702, -23.831, 62.228
-37.602, -23.831, 62.074
-37.502, -23.831, 61.918
-37.402, -23.83, 61.763
-37.302, -23.83, 61.607
-37.202, -23.83, 61.45
-37.102, -23.829, 61.294
-37.002, -23.829, 61.137
-36.902, -23.829, 60.979
-36.802, -23.828, 60.821
-36.702, -23.828, 60.663
-36.602, -23.828, 60.504
-36.502, -23.828, 60.345
-36.402, -23.827, 60.185
-36.302, -23.827, 60.025
-36.202, -23.827, 59.865
-36.102, -23.826, 59.704
-36.002, -23.826, 59.542
-35.902, -23.825, 59.38
-35.802, -23.825, 59.218
-35.702, -23.825, 59.056
-35.602, -23.824, 58.892
-35.502, -23.824, 58.729
-35.402, -23.823, 58.565
-35.302, -23.823, 58.4
-35.202, -23.822, 58.235
-35.102, -23.822, 58.07
-35.002, -23.821, 57.904
-34.902, -23.821, 57.738
-34.802, -23.82, 57.571
-34.702, -23.82, 57.404
-34.602, -23.819, 57.236
-34.502, -23.818, 57.067
-34.402, -23.818, 56.899
-34.302, -23.817, 56.729
-34.202, -23.816, 56.559
-34.102, -23.816, 56.389
-34.002, -23.815, 56.218
-33.902, -23.814, 56.047
-33.802, -23.814, 55.875
-33.702, -23.813, 55.702
-33.602, -23.812, 55.529
-33.502, -23.811, 55.356
-33.402, -23.81, 55.182
-33.302, -23.809, 55.007
-33.202, -23.809, 54.832
-33.102, -23.808, 54.656
-33.002, -23.807, 54.48
-32.902, -23.806, 54.303
-32.802, -23.805, 54.126
-32.702, -23.804, 53.948
-32.602, -23.803, 53.769
-32.502, -23.802, 53.59
-32.402, -23.801, 53.41
-32.302, -23.8, 53.23
-32.202, -23.798, 53.049
-32.102, -23.797, 52.867
-32.002, -23.796, 52.685
-31.902, -23.795, 52.502
-31.802, -23.794, 52.318
-31.702, -23.793, 52.134
-31.602, -23.791, 51.949
-31.502, -23.79, 51.764
-31.402, -23.789, 51.578
-31.302, -23.787, 51.391
-31.202, -23.786, 51.203
-31.102, -23.785, 51.015
-31.002, -23.783, 50.826
-30.902, -23.782, 50.636
-30.802, -23.78, 50.446
-30.702, -23.779, 50.255
-30.602, -23.778, 50.063
-30.502, -23.776, 49.871
-30.402, -23.774, 49.677
-30.302, -23.773, 49.483
-30.202, -23.771, 49.289
-30.102, -23.77, 49.093
-30.002, -23.768, 48.897
-29.902, -23.767, 48.7
-29.802, -23.765, 48.502
-29.702, -23.763, 48.303
-29.602, -23.762, 48.103
-29.502, -23.76, 47.903
-29.402, -23.758, 47.702
-29.302, -23.756, 47.5
-29.202, -23.755, 47.297
-29.102, -23.753, 47.093
-29.002, -23.751, 46.888
-28.902, -23.749, 46.682
-28.802, -23.747, 46.476
-28.702, -23.745, 46.268
-28.602, -23.743, 46.06
-28.502, -23.742, 45.851
-28.402, -23.74, 45.64
-28.302, -23.738, 45.429
-28.202, -23.736, 45.217
-28.102, -23.734, 45.004
-28.003, -23.732, 44.789
-27.903, -23.73, 44.574
-27.803, -23.728, 44.358
-27.703, -23.725, 44.14
-27.603, -23.723, 43.922
-27.503, -23.721, 43.702
-27.403, -23.719, 43.482
-27.303, -23.718, 43.26
-27.203, -23.716, 43.037
-27.103, -23.716, 42.813
-27.003, -23.715, 42.587
-26.903, -23.716, 42.361
-26.803, -23.717, 42.133
-26.703, -23.718, 41.904
-26.603, -23.72, 41.674
-26.503, -23.722, 41.443
-26.403, -23.725, 41.21
-26.303, -23.729, 40.976
-26.203, -23.733, 40.74
-26.103, -23.737, 40.503
-26.003, -23.742, 40.265
-25.903, -23.748, 40.026
-25.804, -23.755, 39.784
-25.704, -23.762, 39.542
-25.604, -23.769, 39.298
-25.504, -23.777, 39.052
-25.405, -23.786, 38.805
-25.305, -23.796, 38.556
-25.206, -23.806, 38.306
-25.106, -23.817, 38.054
-25.007, -23.828, 37.801
-24.908, -23.841, 37.545
-24.809, -23.853, 37.288
-24.71, -23.867, 37.029
-24.611, -23.881, 36.769
-24.512, -23.896, 36.506
-24.413, -23.912, 36.241
-24.314, -23.929, 35.975
-24.216, -23.946, 35.707
-24.117, -23.964, 35.436
-24.019, -23.983, 35.164
-23.921, -24.003, 34.889
-23.823, -24.023, 34.612
-23.726, -24.044, 34.333
-23.628, -24.066, 34.052
-23.531, -24.089, 33.768
-23.434, -24.113, 33.482
-23.337, -24.137, 33.193
-23.24, -24.163, 32.902
-23.143, -24.189, 32.609
-23.047, -24.216, 32.312
-22.951, -24.245, 32.013
-22.856, -24.274, 31.711
-22.76, -24.304, 31.406
-22.665, -24.334, 31.099
-22.57, -24.366, 30.788
-22.476, -24.399, 30.474
-22.382, -24.432, 30.156
-22.288, -24.467, 29.836
-22.194, -24.503, 29.511
-22.101, -24.539, 29.184
-22.008, -24.576, 28.852
-21.916, -24.615, 28.517
-21.824, -24.654, 28.177
-21.733, -24.695, 27.834
-21.642, -24.736, 27.486
-21.551, -24.778, 27.134
-21.461, -24.822, 26.777
-21.371, -24.866, 26.415
-21.282, -24.912, 26.08
-21.194, -24.958, 25.709
-21.106, -25.005, 25.446
-21.018, -25.053, 25.215
-20.931, -25.103, 25.018
-20.844, -25.153, 24.853
-20.759, -25.204, 24.722
-20.673, -25.256, 24.607
-20.589, -25.31, 24.553
-20.505, -25.364, 24.533
-20.421, -25.419, 24.548
-20.338, -25.475, 24.598
-20.256, -25.532, 24.708
-20.175, -25.59, 24.834
-20.094, -25.649, 24.994
-20.014, -25.709, 25.241
-19.934, -25.769, 25.475
-19.855, -25.831, 25.742
-19.777, -25.893, 26.12
-19.7, -25.957, 26.457
-19.623, -26.021, 26.824
-19.547, -26.086, 27.324
-19.472, -26.152, 27.755
-19.398, -26.218, 28.214
-19.324, -26.286, 28.825
-19.251, -26.354, 29.342
-19.178, -26.423, 30.022
-19.107, -26.493, 30.592
-19.036, -26.563, 31.184
-18.965, -26.635, 31.953
-18.896, -26.707, 32.59
-18.827, -26.779, 33.412
-18.759, -26.852, 34.089
-18.692, -26.926, 34.782
-18.625, -27.001, 35.669
-18.559, -27.076, 36.394
-18.494, -27.152, 37.317
-18.43, -27.228, 38.069
-18.366, -27.305, 38.831
-18.303, -27.383, 39.796
-18.24, -27.461, 40.578
-18.178, -27.539, 41.366
-18.117, -27.619, 42.361
-18.056, -27.698, 43.163
-17.997, -27.778, 44.171
-17.937, -27.859, 44.982
-17.879, -27.94, 45.796
-17.821, -28.021, 46.816
-17.763, -28.103, 47.633
-17.706, -28.185, 48.452
-17.65, -28.268, 49.474
-17.594, -28.351, 50.291
-17.539, -28.434, 51.108
-17.485, -28.518, 52.125
-17.431, -28.602, 52.937
-17.377, -28.687, 53.746
-17.324, -28.772, 54.753
-17.271, -28.857, 55.555
-17.219, -28.942, 56.352
-17.168, -29.028, 57.119
-17.117, -29.114, 56.95
-17.066, -29.2, 56.781
-17.016, -29.286, 56.612
-16.966, -29.373, 56.441
-16.916, -29.46, 56.271
-16.867, -29.547, 56.099
-16.819, -29.634, 55.928
-16.77, -29.722, 55.755
-16.723, -29.81, 55.583
-16.675, -29.898, 55.409
-16.628, -29.986, 55.235
-16.581, -30.074, 55.061
-16.534, -30.163, 54.886
-16.488, -30.251, 54.71
-16.442, -30.34, 54.534
-16.397, -30.429, 54.358
-16.351, -30.518, 54.18
-16.306, -30.608, 54.003
-16.261, -30.697, 53.824
-16.216, -30.786, 53.645
-16.172, -30.876, 53.465
-16.128, -30.966, 53.285
-16.084, -31.055, 53.104
-16.04, -31.145, 52.923
-15.996, -31.235, 52.741
-15.953, -31.325, 52.558
-15.909, -31.415, 52.375
-15.866, -31.506, 52.191
-15.823, -31.596, 52.006
-15.78, -31.686, 51.821
-15.737, -31.777, 51.635
-15.695, -31.867, 51.448
-15.652, -31.958, 51.261
-15.61, -32.048, 51.073
-15.567, -32.139, 50.884
-15.525, -32.229, 50.695
-15.483, -32.32, 50.505
-15.44, -32.41, 50.314
-15.398, -32.501, 50.122
-15.356, -32.592, 49.93
-15.314, -32.682, 49.737
-15.271, -32.773, 49.543
-15.229, -32.864, 49.348
-15.187, -32.954, 49.153
-15.145, -33.045, 48.957
-15.102, -33.136, 48.76
-15.06, -33.226, 48.562
-15.018, -33.317, 48.364
-14.975, -33.407, 48.165
-14.933, -33.498, 47.964
-14.89, -33.588, 47.764
-14.848, -33.679, 47.562
-14.805, -33.769, 47.359
-14.762, -33.86, 47.155
-14.719, -33.95, 46.951
-14.676, -34.04, 46.746
-14.633, -34.13, 46.539
-14.589, -34.22, 46.332
-14.546, -34.31, 46.124
-14.502, -34.4, 45.915
-14.458, -34.49, 45.705
-14.414, -34.58, 45.494
-14.37, -34.67, 45.282
-14.326, -34.759, 45.069
-14.281, -34.849, 44.855
-14.236, -34.938, 44.64
-14.191, -35.028, 44.424
-14.146, -35.117, 44.207
-14.101, -35.206, 43.989
-14.055, -35.295, 43.77
-14.009, -35.384, 43.549
-13.963, -35.472, 43.328
-13.917, -35.561, 43.105
-13.87, -35.649, 42.882
-13.823, -35.738, 42.657
-13.776, -35.826, 42.431
-13.728, -35.914, 42.203
-13.68, -36.002, 41.975
-13.632, -36.089, 41.745
-13.585, -36.177, 41.514
-13.537, -36.265, 41.281
-13.489, -36.353, 41.048
-13.44, -36.44, 40.813
-13.39, -36.527, 40.576
-13.34, -36.613, 40.338
-13.289, -36.699, 40.099
-13.237, -36.785, 39.859
-13.184, -36.87, 39.617
-13.131, -36.954, 39.373
-13.077, -37.038, 39.128
-13.022, -37.122, 38.881
-12.967, -37.205, 38.633
-12.911, -37.288, 38.383
-12.854, -37.371, 38.132
-12.797, -37.452, 37.879
-12.738, -37.534, 37.624
-12.679, -37.614, 37.367
-12.62, -37.695, 37.109
-12.559, -37.774, 36.849
-12.498, -37.854, 36.587
-12.436, -37.932, 36.323
-12.374, -38.01, 36.057
-12.311, -38.088, 35.789
-12.247, -38.164, 35.52
-12.182, -38.241, 35.248
-12.116, -38.316, 34.982
-12.05, -38.391, 34.796
-11.983, -38.466, 34.565
-11.916, -38.539, 34.354
-11.848, -38.612, 34.164
-11.779, -38.685, 33.996
-11.709, -38.757, 33.883
-11.639, -38.828, 33.751
-11.568, -38.898, 33.642
-11.496, -38.968, 33.554
-11.423, -39.037, 33.488
-11.35, -39.105, 33.444
-11.277, -39.172, 33.422
-11.202, -39.239, 33.422
-11.127, -39.305, 33.437
-11.051, -39.371, 33.476
-10.975, -39.435, 33.536
-10.898, -39.499, 33.619
-10.821, -39.562, 33.723
-10.742, -39.625, 33.848
-10.664, -39.686, 33.994
-10.584, -39.747, 34.161
-10.504, -39.807, 34.349
-10.424, -39.866, 34.556
-10.343, -39.925, 34.783
-10.261, -39.983, 35.029
-10.179, -40.039, 35.294
-10.096, -40.096, 35.577
-10.013, -40.151, 35.878
-9.929, -40.206, 36.196
-9.845, -40.259, 36.531
-9.76, -40.313, 36.882
-9.675, -40.365, 37.248
-9.589, -40.416, 37.63
-9.503, -40.467, 38.025
-9.416, -40.517, 38.435
-9.329, -40.566, 38.857
-9.242, -40.615, 39.292
-9.154, -40.662, 39.739
-9.065, -40.709, 40.198
-8.977, -40.755, 40.667
-8.888, -40.801, 41.146
-8.798, -40.845, 41.757
-8.708, -40.889, 42.257
-8.618, -40.932, 42.764
-8.527, -40.975, 43.279
-8.437, -41.017, 43.801
-8.345, -41.058, 44.329
-8.254, -41.098, 44.863
-8.162, -41.138, 45.402
-8.07, -41.176, 45.946
-7.978, -41.215, 46.495
-7.885, -41.252, 47.046
-7.792, -41.289, 47.602
-7.699, -41.325, 48.159
-7.605, -41.361, 48.72
-7.511, -41.396, 49.282
-7.417, -41.43, 49.845
-7.323, -41.463, 50.41
-7.229, -41.496, 50.975
-7.134, -41.529, 51.541
-7.039, -41.56, 52.106
-6.944, -41.592, 52.672
-6.849, -41.622, 53.236
-6.754, -41.652, 53.8
-6.658, -41.682, 54.221
-6.562, -41.71, 54.783
-6.467, -41.739, 55.342
-6.37, -41.766, 55.899
-6.274, -41.794, 56.455
-6.178, -41.82, 57.007
-6.081, -41.846, 57.558
-5.985, -41.872, 58.105
-5.888, -41.897, 58.649
-5.791, -41.922, 59.191
-5.694, -41.946, 59.729
-5.597, -41.969, 60.264
-5.499, -41.993, 60.662
-5.402, -42.015, 61.191
-5.305, -42.038, 61.432
-5.207, -42.059, 61.276
-5.109, -42.081, 61.118
-5.012, -42.102, 60.961
-4.914, -42.122, 60.803
-4.816, -42.143, 60.644
-4.718, -42.162, 60.486
-4.62, -42.182, 60.326
-4.521, -42.201, 60.167
-4.423, -42.219, 60.007
-4.325, -42.238, 59.846
-4.226, -42.256, 59.685
-4.128, -42.273, 59.524
-4.03, -42.29, 59.362
-3.931, -42.307, 59.2
-3.832, -42.324, 59.037
-3.734, -42.34, 58.874
-3.635, -42.356, 58.71
-3.536, -42.372, 58.546
-3.437, -42.387, 58.381
-3.338, -42.402, 58.216
-3.24, -42.417, 58.051
-3.141, -42.431, 57.885
-3.042, -42.445, 57.718
-2.943, -42.459, 57.552
-2.844, -42.473, 57.384
-2.745, -42.487, 57.216
-2.645, -42.5, 57.048
-2.546, -42.513, 56.879
-2.447, -42.526, 56.71
-2.348, -42.538, 56.54
-2.249, -42.551, 56.369
-2.149, -42.563, 56.198
-2.05, -42.575, 56.027
-1.951, -42.587, 55.855
-1.852, -42.599, 55.683
-1.752, -42.61, 55.51
-1.653, -42.621, 55.336
-1.553, -42.633, 55.162
-1.454, -42.644, 54.987
-1.355, -42.654, 54.812
-1.255, -42.665, 54.636
-1.156, -42.676, 54.46
-1.056, -42.686, 54.283
-0.957, -42.697, 54.105
-0.857, -42.707, 53.927
-0.758, -42.717, 53.749
-0.658, -42.727, 53.569
-0.559, -42.737, 53.389
-0.459, -42.747, 53.209
-0.36, -42.757, 53.028
-0.26, -42.767, 52.846
-0.161, -42.776, 52.664
-0.061, -42.786, 52.481
0.038, -42.795, 52.297
0.138, -42.805, 52.113
0.237, -42.814, 51.928
0.337, -42.824, 51.742
0.436, -42.833, 51.556
0.536, -42.843, 51.369
0.636, -42.852, 51.181
0.735, -42.861, 50.993
0.835, -42.871, 50.804
0.934, -42.88, 50.614
1.034, -42.889, 50.424
1.133, -42.898, 50.233
1.233, -42.908, 50.041
1.333, -42.917, 49.848
1.432, -42.927, 49.655
1.532, -42.936, 49.461
1.631, -42.946, 49.266
1.731, -42.955, 49.07
1.83, -42.965, 48.874
1.93, -42.974, 48.677
2.029, -42.984, 48.479
2.129, -42.994, 48.28
2.228, -43.003, 48.08
2.328, -43.013, 47.88
2.427, -43.023, 47.678
2.527, -43.033, 47.476
2.626, -43.044, 47.273
2.726, -43.054, 47.069
2.825, -43.064, 46.864
2.925, -43.075, 46.659
3.024, -43.085, 46.452
3.124, -43.096, 46.244
3.223, -43.107, 46.036
3.322, -43.118, 45.826
3.422, -43.129, 45.616
3.521, -43.14, 45.405
3.62, -43.152, 45.192
3.72, -43.163, 44.979
3.819, -43.175, 44.765
3.918, -43.187, 44.549
4.018, -43.199, 44.333
4.117, -43.212, 44.115
4.216, -43.224, 43.897
4.315, -43.237, 43.677
4.414, -43.25, 43.456
4.514, -43.263, 43.234
4.613, -43.276, 43.011
4.712, -43.289, 42.787
4.811, -43.303, 42.561
4.91, -43.317, 42.335
5.009, -43.331, 42.107
5.108, -43.344, 41.878
5.207, -43.357, 41.647
5.307, -43.368, 41.416
5.406, -43.379, 41.183
5.506, -43.389, 40.949
5.605, -43.398, 40.713
5.705, -43.406, 40.48
5.804, -43.414, 40.277
5.904, -43.42, 40.104
6.004, -43.426, 39.996
6.104, -43.431, 39.88
6.204, -43.435, 39.798
6.304, -43.438, 39.749
6.404, -43.44, 39.736
6.504, -43.442, 39.758
6.604, -43.442, 39.817
6.704, -43.442, 39.913
6.804, -43.441, 40.046
6.904, -43.439, 40.265
7.004, -43.436, 40.484
7.104, -43.432, 40.741
7.204, -43.428, 41.037
7.303, -43.422, 41.372
7.403, -43.416, 41.733
7.503, -43.409, 41.502
7.603, -43.401, 41.27
7.702, -43.393, 41.036
7.802, -43.383, 40.801
7.901, -43.373, 40.565
8.001, -43.362, 40.327
8.1, -43.35, 40.087
8.199, -43.338, 39.847
8.298, -43.325, 39.605
8.397, -43.311, 39.361
8.496, -43.296, 39.116
8.595, -43.281, 38.869
8.694, -43.265, 38.621
8.792, -43.248, 38.371
8.891, -43.231, 38.119
8.989, -43.213, 37.866
9.088, -43.195, 37.611
9.186, -43.176, 37.355
9.284, -43.157, 37.096
9.382, -43.137, 36.836
9.48, -43.116, 36.574
9.578, -43.096, 36.31
9.675, -43.074, 36.044
9.773, -43.053, 35.776
9.871, -43.031, 35.506
9.968, -43.008, 35.234
10.065, -42.985, 34.96
10.163, -42.962, 34.684
10.26, -42.939, 34.405
10.357, -42.916, 34.125
10.454, -42.892, 33.841
10.552, -42.868, 33.556
10.649, -42.844, 33.268
10.746, -42.821, 32.978
10.843, -42.796, 32.685
10.94, -42.772, 32.389
11.037, -42.748, 32.091
11.134, -42.724, 31.789
11.231, -42.701, 31.485
11.328, -42.677, 31.178
11.425, -42.653, 30.868
11.523, -42.63, 30.555
11.62, -42.607, 30.238
11.717, -42.584, 29.919
11.815, -42.561, 29.595
11.912, -42.539, 29.268
12.01, -42.517, 28.938
12.107, -42.496, 28.604
12.205, -42.475, 28.265
12.303, -42.454, 27.923
12.401, -42.435, 27.576
12.499, -42.415, 27.225
12.598, -42.397, 26.869
12.696, -42.379, 26.509
12.794, -42.361, 26.144
12.893, -42.345, 25.773
12.992, -42.329, 25.397
13.091, -42.314, 25.015
13.19, -42.3, 24.628
13.289, -42.287, 24.234
13.388, -42.275, 23.834
13.487, -42.264, 23.427
13.587, -42.253, 23.012
13.686, -42.244, 22.59
13.786, -42.236, 22.16
13.886, -42.229, 21.722
13.986, -42.223, 21.275
14.086, -42.218, 20.817
14.186, -42.215, 20.35
14.285, -42.212, 19.872
14.385, -42.211, 19.382
14.485, -42.211, 18.879
14.585, -42.212, 18.362
14.685, -42.214, 17.83
14.785, -42.218, 17.39
14.885, -42.223, 16.94
14.985, -42.229, 16.603
15.085, -42.237, 16.378
15.184, -42.246, 16.28
15.284, -42.256, 16.257
15.383, -42.267, 16.345
15.482, -42.28, 16.493
15.581, -42.294, 16.774
15.68, -42.309, 17.073
15.779, -42.326, 17.537
15.877, -42.344, 17.978
15.975, -42.363, 18.613
16.073, -42.383, 19.184
16.171, -42.404, 19.809
16.268, -42.427, 20.662
16.365, -42.451, 21.399
16.462, -42.476, 22.18
16.559, -42.502, 23.004
16.655, -42.53, 24.087
16.751, -42.558, 24.993
16.846, -42.588, 25.931
16.942, -42.618, 26.898
17.036, -42.65, 27.891
17.131, -42.682, 28.907
17.225, -42.716, 29.943
17.319, -42.751, 30.996
17.412, -42.786, 31.795
17.505, -42.823, 32.871
17.598, -42.86, 33.956
17.691, -42.899, 35.049
17.783, -42.938, 35.872
17.874, -42.978, 36.971
17.965, -43.019, 38.071
18.056, -43.061, 38.896
18.147, -43.103, 39.992
18.237, -43.147, 40.812
18.327, -43.191, 41.899
18.416, -43.236, 42.709
18.505, -43.281, 43.782
18.594, -43.328, 44.227
18.682, -43.374, 44.009
18.77, -43.422, 43.79
18.857, -43.47, 43.569
18.945, -43.519, 43.348
19.032, -43.569, 43.125
19.118, -43.619, 42.902
19.204, -43.669, 42.677
19.29, -43.721, 42.451
19.376, -43.773, 42.224
19.461, -43.825, 41.995
19.546, -43.878, 41.766
19.63, -43.931, 41.535
19.715, -43.985, 41.302
19.798, -44.04, 41.069
19.882, -44.094, 40.834
19.965, -44.15, 40.598
20.048, -44.206, 40.36
20.131, -44.262, 40.121
20.213, -44.319, 39.88
20.295, -44.376, 39.638
20.377, -44.433, 39.395
20.459, -44.491, 39.15
20.54, -44.549, 38.904
20.621, -44.608, 38.656
20.702, -44.667, 38.406
20.782, -44.727, 38.155
20.862, -44.787, 37.902
20.942, -44.847, 37.647
21.022, -44.907, 37.39
21.101, -44.968, 37.132
21.18, -45.029, 36.872
21.259, -45.091, 36.611
21.338, -45.153, 36.347
21.416, -45.215, 36.081
21.494, -45.277, 35.814
21.572, -45.34, 35.544
21.65, -45.403, 35.272
21.727, -45.466, 34.998
21.804, -45.53, 34.722
21.881, -45.593, 34.444
21.958, -45.658, 34.164
22.035, -45.722, 33.881
22.111, -45.786, 33.596
22.187, -45.851, 33.308
22.263, -45.916, 33.018
22.339, -45.982, 32.726
22.414, -46.047, 32.43
22.489, -46.113, 32.132
22.565, -46.179, 31.832
22.639, -46.245, 31.528
22.714, -46.312, 31.221
22.789, -46.378, 30.912
22.863, -46.445, 30.599
22.937, -46.512, 30.283
23.011, -46.58, 29.963
23.085, -46.647, 29.641
23.159, -46.715, 29.314
23.232, -46.783, 28.984
23.305, -46.851, 28.65
23.378, -46.919, 28.313
23.451, -46.987, 27.971
23.524, -47.056, 27.625
23.597, -47.125, 27.274
23.669, -47.194, 26.919
23.74, -47.265, 26.56
23.805, -47.341, 26.195
23.869, -47.417, 25.825
23.933, -47.494, 25.45
23.996, -47.571, 25.069
24.059, -47.649, 24.683
24.121, -47.728, 24.29
24.182, -47.807, 23.89
24.242, -47.887, 23.484
24.302, -47.967, 23.071
24.361, -48.047, 22.65
24.42, -48.129, 22.221
24.477, -48.211, 21.784
24.534, -48.293, 21.338
24.59, -48.376, 20.882
24.645, -48.459, 20.416
24.699, -48.543, 19.94
24.752, -48.628, 19.451
24.805, -48.713, 18.95
24.856, -48.799, 18.436
24.907, -48.885, 17.906
24.956, -48.972, 17.361
25.005, -49.059, 16.797
25.052, -49.147, 16.214
25.099, -49.236, 15.61
25.144, -49.325, 14.981
25.189, -49.415, 14.324
25.232, -49.505, 13.636
25.274, -49.596, 12.912
25.315, -49.687, 12.144
25.354, -49.779, 11.324
25.393, -49.871, 10.44
25.43, -49.964, 9.474
25.465, -50.057, 8.397
25.5, -50.151, 7.16
25.533, -50.246, 5.876
25.564, -50.34, 4.596
25.595, -50.436, 3.322
25.623, -50.532, 1.637
25.651, -50.628, 0.385
25.676, -50.724, 0
25.7, -50.822, 0
25.723, -50.919, 0
25.744, -51.017, 0
25.763, -51.115, 0
25.781, -51.213, 0
25.796, -51.312, 0
25.81, -51.411, 0
25.823, -51.51, 0
25.833, -51.61, 0
25.842, -51.709, 0
25.849, -51.809, 0
25.854, -51.909, 0
25.857, -52.009, 0
25.858, -52.109, 0
25.857, -52.209, 0
25.855, -52.309, 0
25.85, -52.409, 0
25.844, -52.509, 0
25.835, -52.608, 0
25.825, -52.708, 0
25.812, -52.807, 0
25.798, -52.906, 0
25.782, -53.004, 0
25.763, -53.103, 0
25.743, -53.201, 0
25.721, -53.298, 0
25.697, -53.395, 0
25.671, -53.492, 0
25.643, -53.588, 0
25.613, -53.683, 0
25.581, -53.778, 0
25.548, -53.872, 0
25.512, -53.966, 0
25.475, -54.059, 0
25.436, -54.151, 0
25.396, -54.242, 0
25.353, -54.333, 0
25.31, -54.423, 0
25.264, -54.512, 0
25.217, -54.6, 0
25.168, -54.687, 0
25.118, -54.774, 0
25.066, -54.859, 0
25.013, -54.944, 0
24.959, -55.028, 0
24.903, -55.111, 0
24.845, -55.193, 0.113
24.787, -55.274, 1.313
24.727, -55.354, 2.522
24.666, -55.433, 4.145
24.604, -55.511, 5.367
24.54, -55.589, 6.592
24.475, -55.665, 8.227
24.41, -55.74, 9.452
24.343, -55.815, 10.674
24.275, -55.888, 12.297
24.206, -55.961, 13.508
24.137, -56.032, 14.712
24.066, -56.103, 15.908
23.994, -56.173, 17.094
23.922, -56.242, 18.661
23.848, -56.31, 19.823
23.774, -56.377, 20.973
23.699, -56.443, 22.11
23.623, -56.508, 23.234
23.546, -56.572, 24.344
23.469, -56.635, 25.439
23.391, -56.698, 26.52
23.312, -56.76, 27.585
23.233, -56.82, 28.635
23.153, -56.88, 29.669
23.072, -56.939, 30.686
22.991, -56.998, 31.688
22.909, -57.055, 32.672
22.827, -57.112, 33.32
22.744, -57.168, 34.277
22.66, -57.223, 35.217
22.576, -57.277, 36.14
22.492, -57.33, 37.047
22.407, -57.383, 37.937
22.321, -57.435, 38.521
22.235, -57.486, 39.383
22.149, -57.536, 40.229
22.062, -57.586, 40.783
21.975, -57.635, 41.601
21.887, -57.683, 42.403
21.799, -57.73, 43.189
21.711, -57.777, 43.705
21.622, -57.823, 44.464
21.533, -57.868, 44.962
21.443, -57.913, 45.696
21.353, -57.957, 46.415
21.263, -58, 46.886
21.173, -58.043, 47.579
21.082, -58.085, 48.034
20.991, -58.127, 48.704
20.9, -58.167, 49.142
20.808, -58.207, 49.788
20.716, -58.247, 50.211
20.624, -58.286, 50.835
20.532, -58.324, 51.243
20.439, -58.362, 51.844
20.346, -58.399, 52.238
20.253, -58.435, 52.625
20.16, -58.471, 53.197
20.066, -58.507, 53.571
19.973, -58.541, 54.121
19.879, -58.576, 54.482
19.784, -58.609, 54.837
19.69, -58.642, 55.361
19.596, -58.675, 55.703
19.501, -58.707, 56.041
19.406, -58.739, 56.538
19.311, -58.77, 56.863
19.216, -58.8, 57.184
19.12, -58.83, 57.5
19.025, -58.859, 57.965
18.929, -58.888, 58.269
18.833, -58.917, 58.57
18.737, -58.945, 58.865
18.641, -58.972, 59.301
18.545, -58.999, 59.586
18.448, -59.026, 59.867
18.352, -59.052, 60.144
18.255, -59.077, 60.417
18.158, -59.103, 60.686
18.061, -59.127, 61.082
17.964, -59.152, 61.342
17.867, -59.175, 61.598
17.77, -59.199, 61.85
17.673, -59.222, 62.098
17.575, -59.244, 62.343
17.478, -59.266, 62.584
17.38, -59.288, 62.822
17.282, -59.309, 63.056
17.184, -59.33, 63.402
17.086, -59.35, 63.628
16.989, -59.37, 63.851
16.89, -59.389, 64.071
16.792, -59.409, 64.288
16.694, -59.427, 64.502
16.596, -59.446, 64.712
16.497, -59.464, 64.92
16.399, -59.481, 65.125
16.3, -59.498, 65.327
16.202, -59.515, 65.526
16.103, -59.532, 65.723
16.004, -59.548, 65.916
15.906, -59.563, 66.107
15.807, -59.579, 66.296
15.708, -59.593, 66.389
15.609, -59.608, 66.573
15.51, -59.622, 66.755
15.411, -59.636, 66.935
15.312, -59.65, 67.112
15.213, -59.663, 67.287
15.114, -59.676, 67.459
15.014, -59.688, 67.629
14.915, -59.7, 67.796
14.816, -59.712, 67.962
14.717, -59.724, 68.043
14.617, -59.735, 68.205
14.518, -59.746, 68.365
14.418, -59.756, 68.523
14.319, -59.766, 68.679
14.219, -59.776, 68.832
14.12, -59.786, 68.908
14.02, -59.795, 69.059
13.921, -59.804, 69.207
13.821, -59.812, 69.354
13.721, -59.82, 69.499
13.622, -59.828, 69.641
13.522, -59.836, 69.712
13.422, -59.843, 69.852
13.322, -59.85, 69.99
13.223, -59.857, 70.127
13.123, -59.864, 70.194
13.023, -59.87, 70.328
12.923, -59.876, 70.46
12.823, -59.881, 70.59
12.724, -59.887, 70.655
12.624, -59.892, 70.783
12.524, -59.896, 70.909
12.424, -59.901, 71.034
12.324, -59.905, 71.095
12.224, -59.909, 71.218
12.124, -59.912, 71.338
12.024, -59.916, 71.398
11.924, -59.919, 71.517
11.824, -59.922, 71.634
11.724, -59.924, 71.692
11.624, -59.926, 71.807
11.524, -59.928, 71.92
11.424, -59.93, 71.976
11.324, -59.932, 71.949
11.224, -59.933, 71.816
11.124, -59.934, 71.682
11.024, -59.934, 71.547
10.924, -59.935, 71.413
10.824, -59.935, 71.278
10.724, -59.935, 71.143
10.624, -59.935, 71.007
10.524, -59.934, 70.872
10.424, -59.933, 70.736
10.324, -59.932, 70.6
10.224, -59.931, 70.463
10.124, -59.93, 70.327
10.024, -59.928, 70.19
9.924, -59.926, 70.053
9.824, -59.924, 69.915
9.724, -59.921, 69.777
9.625, -59.918, 69.639
9.525, -59.915, 69.501
9.425, -59.912, 69.363
9.325, -59.909, 69.224
9.225, -59.905, 69.085
9.125, -59.901, 68.945
9.025, -59.897, 68.806
8.925, -59.893, 68.666
8.825, -59.888, 68.525
8.725, -59.884, 68.385
8.625, -59.879, 68.244
8.525, -59.873, 68.103
8.426, -59.868, 67.962
8.326, -59.862, 67.82
8.226, -59.856, 67.678
8.126, -59.85, 67.536
8.026, -59.844, 67.393
7.927, -59.838, 67.25
7.827, -59.831, 67.107
7.727, -59.824, 66.963
7.627, -59.817, 66.82
7.528, -59.81, 66.675
7.428, -59.802, 66.531
7.328, -59.794, 66.386
7.228, -59.786, 66.241
7.129, -59.778, 66.096
7.029, -59.77, 65.95
6.929, -59.761, 65.804
6.83, -59.752, 65.658
6.73, -59.744, 65.511
6.631, -59.734, 65.364
6.531, -59.725, 65.217
6.432, -59.715, 65.069
6.332, -59.706, 64.921
6.233, -59.696, 64.773
6.133, -59.686, 64.624
6.034, -59.675, 64.475
5.934, -59.665, 64.325
5.835, -59.654, 64.176
5.735, -59.643, 64.026
5.636, -59.632, 63.875
5.537, -59.621, 63.724
5.437, -59.609, 63.573
5.338, -59.598, 63.422
5.239, -59.586, 63.27
5.139, -59.574, 63.118
5.04, -59.562, 62.965
4.941, -59.549, 62.812
4.842, -59.537, 62.659
4.742, -59.524, 62.505
4.643, -59.511, 62.351
4.544, -59.498, 62.197
4.445, -59.485, 62.042
4.346, -59.471, 61.886
4.247, -59.458, 61.731
4.148, -59.444, 61.575
4.049, -59.43, 61.418
3.95, -59.416, 61.261
3.851, -59.401, 61.104
3.752, -59.387, 60.947
3.653, -59.372, 60.789
3.554, -59.357, 60.63
3.455, -59.342, 60.471
3.356, -59.327, 60.312
3.258, -59.312, 60.152
3.159, -59.296, 59.992
3.06, -59.281, 59.832
2.961, -59.265, 59.671
2.863, -59.249, 59.509
2.764, -59.233, 59.347
2.665, -59.216, 59.185
2.567, -59.2, 59.022
2.468, -59.183, 58.859
2.369, -59.166, 58.695
2.271, -59.149, 58.531
2.172, -59.132, 58.367
2.074, -59.115, 58.201
1.975, -59.097, 58.036
1.877, -59.08, 57.87
1.779, -59.062, 57.703
1.68, -59.044, 57.537
1.582, -59.026, 57.369
1.484, -59.008, 57.201
1.385, -58.989, 57.033
1.287, -58.971, 56.864
1.189, -58.952, 56.694
1.091, -58.933, 56.524
0.992, -58.914, 56.354
0.894, -58.895, 56.183
0.796, -58.876, 56.012
0.698, -58.856, 55.839
0.6, -58.837, 55.667
0.502, -58.817, 55.494
0.404, -58.797, 55.32
0.308, -58.769, 55.201
0.212, -58.741, 55.029
0.116, -58.713, 54.865
0.02, -58.684, 54.761
-0.075, -58.654, 54.612
-0.17, -58.624, 54.471
-0.266, -58.593, 54.382
-0.361, -58.562, 54.257
-0.455, -58.53, 54.142
-0.55, -58.497, 54.036
-0.644, -58.464, 53.94
-0.738, -58.43, 53.882
-0.832, -58.396, 53.803
-0.926, -58.362, 53.734
-1.02, -58.326, 53.676
-1.113, -58.29, 53.629
-1.206, -58.254, 53.604
-1.299, -58.217, 53.575
-1.392, -58.18, 53.558
-1.484, -58.141, 53.551
-1.577, -58.103, 53.556
-1.669, -58.064, 53.573
-1.76, -58.024, 53.601
-1.852, -57.984, 53.64
-1.943, -57.943, 53.692
-2.034, -57.901, 53.755
-2.125, -57.859, 53.83
-2.215, -57.817, 53.916
-2.306, -57.774, 54.015
-2.396, -57.73, 54.125
-2.485, -57.686, 54.247
-2.575, -57.641, 54.381
-2.664, -57.596, 54.526
-2.753, -57.551, 54.683
-2.842, -57.504, 54.852
-2.93, -57.458, 55.032
-3.018, -57.41, 55.224
-3.106, -57.363, 55.427
-3.194, -57.314, 55.641
-3.281, -57.266, 55.867
-3.368, -57.216, 56.103
-3.455, -57.167, 56.35
-3.541, -57.117, 56.608
-3.628, -57.066, 56.877
-3.714, -57.015, 57.156
-3.799, -56.963, 57.544
-3.885, -56.911, 57.847
-3.97, -56.859, 58.159
-4.055, -56.806, 58.482
-4.139, -56.752, 58.813
-4.224, -56.699, 59.154
-4.308, -56.644, 59.505
-4.391, -56.59, 59.985
-4.475, -56.535, 60.356
-4.558, -56.479, 60.735
-4.641, -56.424, 61.122
-4.724, -56.367, 61.517
-4.806, -56.311, 61.92
-4.888, -56.254, 62.469
-4.97, -56.196, 62.889
-5.052, -56.139, 63.316
-5.133, -56.081, 63.75
-5.215, -56.022, 64.191
-5.296, -55.964, 64.788
-5.376, -55.905, 65.243
-5.457, -55.845, 65.704
-5.537, -55.786, 66.171
-5.617, -55.726, 66.801
-5.697, -55.666, 67.28
-5.777, -55.605, 67.764
-5.856, -55.545, 68.253
-5.935, -55.483, 68.911
-6.014, -55.422, 69.41
-6.093, -55.361, 69.913
-6.172, -55.299, 70.419
-6.25, -55.237, 71.101
-6.329, -55.175, 71.14
-6.407, -55.112, 71.004
-6.485, -55.05, 70.869
-6.563, -54.987, 70.733
-6.64, -54.924, 70.597
-6.718, -54.861, 70.46
-6.795, -54.797, 70.324
-6.873, -54.734, 70.187
-6.95, -54.67, 70.049
-7.027, -54.607, 69.912
-7.104, -54.543, 69.774
-7.18, -54.479, 69.636
-7.257, -54.414, 69.498
-7.334, -54.35, 69.359
-7.41, -54.286, 69.221
-7.487, -54.221, 69.081
-7.563, -54.157, 68.942
-7.639, -54.092, 68.802
-7.716, -54.027, 68.662
-7.792, -53.963, 68.522
-7.868, -53.898, 68.382
-7.944, -53.833, 68.241
-8.02, -53.768, 68.1
-8.096, -53.703, 67.958
-8.172, -53.639, 67.817
-8.249, -53.574, 67.675
-8.325, -53.509, 67.532
-8.401, -53.444, 67.39
-8.477, -53.379, 67.247
-8.553, -53.314, 67.103
-8.629, -53.249, 66.96
-8.705, -53.185, 66.816
-8.782, -53.12, 66.672
-8.858, -53.055, 66.528
-8.934, -52.991, 66.383
-9.011, -52.926, 66.238
-9.087, -52.862, 66.092
-9.164, -52.797, 65.947
-9.24, -52.733, 65.801
-9.317, -52.669, 65.654
-9.394, -52.605, 65.508
-9.471, -52.541, 65.361
-9.548, -52.477, 65.213
-9.625, -52.414, 65.065
-9.702, -52.35, 64.917
-9.78, -52.287, 64.769
-9.857, -52.224, 64.62
-9.935, -52.161, 64.471
-10.013, -52.098, 64.322
-10.091, -52.036, 64.172
-10.169, -51.973, 64.022
-10.247, -51.911, 63.872
-10.326, -51.849, 63.721
-10.405, -51.788, 63.57
-10.484, -51.726, 63.418
-10.563, -51.665, 63.266
-10.642, -51.604, 63.114
-10.721, -51.543, 62.962
-10.801, -51.483, 62.809
-10.881, -51.422, 62.655
-10.961, -51.362, 62.502
-11.041, -51.303, 62.347
-11.121, -51.243, 62.193
-11.202, -51.184, 62.038
-11.283, -51.126, 61.883
-11.364, -51.067, 61.727
-11.446, -51.009, 61.571
-11.527, -50.951, 61.415
-11.609, -50.894, 61.258
-11.691, -50.837, 61.101
-11.773, -50.78, 60.943
-11.856, -50.723, 60.785
-11.939, -50.667, 60.626
-12.022, -50.611, 60.468
-12.105, -50.556, 60.308
-12.189, -50.501, 60.148
-12.272, -50.447, 59.988
-12.356, -50.392, 59.828
-12.441, -50.339, 59.667
-12.525, -50.285, 59.505
-12.61, -50.232, 59.343
-12.695, -50.18, 59.181
-12.78, -50.128, 59.018
-12.866, -50.076, 58.855
-12.952, -50.025, 58.691
-13.038, -49.974, 58.527
-13.124, -49.923, 58.363
-13.211, -49.873, 58.198
-13.298, -49.824, 58.032
-13.385, -49.775, 57.866
-13.472, -49.726, 57.7
-13.56, -49.678, 57.543
-13.648, -49.63, 57.396
-13.736, -49.583, 57.259
-13.824, -49.536, 57.133
-13.913, -49.49, 57.017
-14.002, -49.444, 56.911
-14.091, -49.399, 56.816
-14.18, -49.354, 56.731
-14.27, -49.31, 56.656
-14.36, -49.266, 56.611
-14.45, -49.222, 56.553
-14.54, -49.179, 56.505
-14.631, -49.137, 56.467
-14.722, -49.095, 56.439
-14.813, -49.054, 56.422
-14.904, -49.013, 56.415
-14.996, -48.973, 56.414
-15.087, -48.933, 56.422
-15.179, -48.893, 56.44
-15.271, -48.854, 56.467
-15.364, -48.816, 56.491
-15.456, -48.778, 56.533
-15.549, -48.741, 56.585
-15.642, -48.704, 56.647
-15.735, -48.668, 56.692
-15.829, -48.632, 56.768
-15.922, -48.597, 56.852
-16.016, -48.562, 56.913
-16.11, -48.528, 57.012
-16.204, -48.494, 57.118
-16.298, -48.461, 57.193
-16.393, -48.428, 57.313
-16.487, -48.396, 57.44
-16.582, -48.364, 57.529
-16.677, -48.333, 57.669
-16.772, -48.302, 57.766
-16.868, -48.272, 57.917
-16.963, -48.242, 58.075
-17.059, -48.212, 58.184
-17.154, -48.184, 58.352
-17.25, -48.155, 58.468
-17.346, -48.128, 58.647
-17.443, -48.1, 58.769
-17.539, -48.074, 58.958
-17.636, -48.047, 59.086
-17.732, -48.021, 59.283
-17.829, -47.996, 59.418
-17.926, -47.971, 59.623
-18.023, -47.947, 59.763
-18.12, -47.923, 59.976
-18.217, -47.9, 60.12
-18.314, -47.877, 60.266
-18.412, -47.854, 60.489
-18.509, -47.832, 60.639
-18.607, -47.81, 60.868
-18.705, -47.789, 61.022
-18.803, -47.769, 61.178
-18.9, -47.748, 61.415
-18.998, -47.729, 61.574
-19.097, -47.709, 61.734
-19.195, -47.69, 61.976
-19.293, -47.672, 62.139
-19.391, -47.654, 62.303
-19.49, -47.636, 62.468
-19.588, -47.619, 62.717
-19.687, -47.603, 62.884
-19.786, -47.586, 63.052
-19.884, -47.57, 63.22
-19.983, -47.555, 63.474
-20.082, -47.54, 63.644
-20.181, -47.525, 63.814
-20.28, -47.511, 63.985
-20.379, -47.497, 64.241
-20.478, -47.484, 64.413
-20.577, -47.471, 64.584
-20.676, -47.458, 64.756
-20.776, -47.446, 64.928
-20.875, -47.434, 65.1
-20.974, -47.423, 65.273
-21.074, -47.412, 65.531
-21.173, -47.401, 65.703
-21.273, -47.391, 65.875
-21.372, -47.381, 66.046
-21.472, -47.372, 66.218
-21.571, -47.362, 66.389
-21.671, -47.354, 66.56
-21.771, -47.345, 66.731
-21.87, -47.337, 66.902
-21.97, -47.329, 67.072
-22.07, -47.322, 67.241
-22.169, -47.315, 67.41
-22.269, -47.308, 67.579
-22.369, -47.302, 67.747
-22.469, -47.296, 67.915
-22.569, -47.29, 68.082
-22.669, -47.285, 68.248
-22.768, -47.28, 68.414
-22.868, -47.275, 68.579
-22.968, -47.271, 68.743
-23.068, -47.267, 68.907
-23.168, -47.263, 69.07
-23.268, -47.26, 69.232
-23.368, -47.256, 69.394
-23.468, -47.254, 69.474
-23.568, -47.251, 69.634
-23.668, -47.249, 69.794
-23.768, -47.247, 69.952
-23.868, -47.246, 70.11
-23.968, -47.244, 70.266
-24.068, -47.243, 70.422
-24.168, -47.243, 70.5
-24.268, -47.242, 70.654
-24.368, -47.242, 78.194
-24.468, -47.244, 78.071
-24.568, -47.245, 77.948
-24.668, -47.247, 77.824
-24.768, -47.248, 77.701
-24.868, -47.249, 77.577
-24.968, -47.251, 77.453
-25.068, -47.252, 77.328
-25.168, -47.253, 77.204
-25.268, -47.254, 77.079
-25.368, -47.255, 76.954
-25.468, -47.256, 76.829
-25.568, -47.258, 76.704
-25.668, -47.259, 76.578
-25.768, -47.26, 76.453
-25.868, -47.261, 76.327
-25.968, -47.262, 76.2
-26.068, -47.263, 76.074
-26.168, -47.263, 75.948
-26.268, -47.264, 75.821
-26.368, -47.265, 75.694
-26.468, -47.266, 75.567
-26.568, -47.267, 75.439
-26.668, -47.267, 75.312
-26.768, -47.268, 75.184
-26.868, -47.269, 75.056
-26.968, -47.269, 74.927
-27.068, -47.27, 74.799
-27.168, -47.271, 74.67
-27.268, -47.271, 74.541
-27.368, -47.272, 74.412
-27.468, -47.272, 74.283
-27.568, -47.273, 74.153
-27.668, -47.273, 74.023
-27.768, -47.273, 73.893
-27.868, -47.274, 73.763
-27.968, -47.274, 73.632
-28.068, -47.274, 73.501
-28.168, -47.274, 73.37
-28.268, -47.275, 73.239
-28.368, -47.275, 73.108
-28.468, -47.275, 72.976
-28.568, -47.275, 72.844
-28.668, -47.275, 72.712
-28.768, -47.275, 72.58
-28.868, -47.275, 72.447
-28.968, -47.275, 72.314
-29.068, -47.275, 72.181
-29.168, -47.275, 72.047
-29.268, -47.275, 71.914
-29.368, -47.274, 71.78
-29.468, -47.274, 71.646
-29.568, -47.274, 71.511
-29.668, -47.274, 71.377
-29.768, -47.273, 71.242
-29.868, -47.273, 71.107
-29.968, -47.272, 70.971
-30.068, -47.272, 70.835
-30.168, -47.271, 70.7
-30.268, -47.271, 70.563
-30.368, -47.27, 70.427
-30.468, -47.27, 70.29
-30.568, -47.269, 70.153
-30.668, -47.268, 70.016
-30.768, -47.268, 69.878
-30.868, -47.267, 69.741
-30.968, -47.266, 69.602
-31.068, -47.265, 69.464
-31.168, -47.264, 69.326
-31.268, -47.263, 69.187
-31.368, -47.262, 69.047
-31.468, -47.261, 68.908
-31.568, -47.26, 68.768
-31.668, -47.259, 68.628
-31.768, -47.258, 68.488
-31.868, -47.257, 68.347
-31.968, -47.256, 68.206
-32.068, -47.255, 68.065
-32.168, -47.253, 67.924
-32.268, -47.252, 67.782
-32.368, -47.251, 67.64
-32.467, -47.249, 67.497
-32.567, -47.248, 67.355
-32.667, -47.246, 67.212
-32.767, -47.245, 67.069
-32.867, -47.243, 66.925
-32.967, -47.242, 66.781
-33.067, -47.24, 66.637
-33.167, -47.238, 66.492
-33.267, -47.237, 66.347
-33.367, -47.235, 66.202
-33.467, -47.233, 66.057
-33.567, -47.231, 65.911
-33.667, -47.229, 65.765
-33.767, -47.228, 65.618
-33.867, -47.226, 65.472
-33.967, -47.224, 65.325
-34.067, -47.222, 65.177
-34.167, -47.219, 65.029
-34.267, -47.217, 64.881
-34.367, -47.215, 64.733
-34.467, -47.213, 64.584
-34.567, -47.211, 64.435
-34.667, -47.209, 64.286
-34.767, -47.206, 64.136
-34.867, -47.204, 63.986
-34.967, -47.202, 63.835
-35.067, -47.199, 63.684
-35.167, -47.197, 63.533
-35.267, -47.194, 63.381
-35.367, -47.192, 63.229
-35.467, -47.189, 63.077
-35.567, -47.186, 62.924
-35.667, -47.184, 62.771
-35.767, -47.181, 62.618
-35.867, -47.178, 62.464
-35.967, -47.176, 62.31
-36.067, -47.173, 62.155
-36.167, -47.17, 62
-36.267, -47.167, 61.845
-36.367, -47.164, 61.689
-36.466, -47.161, 61.533
-36.566, -47.158, 61.376
-36.666, -47.155, 61.219
-36.766, -47.152, 61.062
-36.866, -47.149, 60.904
-36.966, -47.146, 60.746
-37.066, -47.143, 60.588
-37.166, -47.139, 60.429
-37.266, -47.136, 60.269
-37.366, -47.133, 60.109
-37.466, -47.129, 59.949
-37.566, -47.126, 59.789
-37.666, -47.123, 59.627
-37.766, -47.119, 59.466
-37.866, -47.116, 59.304
-37.966, -47.112, 59.141
-38.066, -47.109, 58.979
-38.166, -47.105, 58.815
-38.265, -47.102, 58.651
-38.365, -47.098, 58.487
-38.465, -47.094, 58.322
-38.565, -47.091, 58.157
-38.665, -47.087, 57.992
-38.765, -47.083, 57.825
-38.865, -47.079, 57.659
-38.965, -47.076, 57.492
-39.065, -47.072, 57.324
-39.165, -47.068, 57.156
-39.265, -47.064, 56.988
-39.365, -47.06, 56.819
-39.465, -47.056, 56.649
-39.565, -47.052, 56.479
-39.664, -47.048, 56.308
-39.764, -47.044, 56.137
-39.864, -47.04, 55.966
-39.964, -47.036, 55.793
-40.064, -47.032, 55.621
-40.164, -47.028, 55.448
-40.264, -47.023, 55.274
-40.364, -47.019, 55.099
-40.464, -47.015, 54.925
-40.564, -47.011, 54.749
-40.664, -47.006, 54.573
-40.764, -47.002, 54.397
-40.863, -46.998, 54.219
-40.963, -46.993, 54.042
-41.063, -46.989, 53.863
-41.163, -46.985, 53.685
-41.263, -46.98, 53.505
-41.363, -46.976, 53.325
-41.463, -46.971, 53.144
-41.563, -46.967, 52.963
-41.663, -46.962, 52.781
-41.763, -46.958, 52.598
-41.862, -46.954, 52.415
-41.962, -46.949, 52.231
-42.062, -46.944, 52.047
-42.162, -46.94, 51.862
-42.262, -46.935, 51.676
-42.362, -46.931, 51.489
-42.462, -46.926, 51.302
-42.562, -46.922, 51.114
-42.662, -46.917, 50.926
-42.761, -46.912, 50.736
-42.861, -46.908, 50.546
-42.961, -46.903, 50.356
-43.061, -46.898, 50.164
-43.161, -46.894, 49.972
-43.261, -46.889, 49.779
-43.361, -46.884, 49.586
-43.461, -46.88, 49.391
-43.561, -46.875, 49.196
-43.661, -46.87, 49
-43.76, -46.866, 48.804
-43.86, -46.861, 48.606
-43.96, -46.856, 48.408
-44.06, -46.852, 48.209
-44.16, -46.847, 48.009
-44.26, -46.842, 47.808
-44.36, -46.837, 47.606
-44.46, -46.833, 47.404
-44.56, -46.828, 47.2
-44.659, -46.823, 46.996
-44.759, -46.819, 46.791
-44.859, -46.814, 46.585
-44.959, -46.809, 46.378
-45.059, -46.804, 46.17
-45.159, -46.8, 45.961
-45.259, -46.795, 45.751
-45.359, -46.79, 45.541
-45.459, -46.786, 45.329
-45.558, -46.781, 45.116
-45.658, -46.776, 44.902
-45.758, -46.772, 44.688
-45.858, -46.767, 44.472
-45.958, -46.762, 44.255
-46.058, -46.758, 44.037
-46.158, -46.753, 43.818
-46.258, -46.749, 43.598
-46.358, -46.744, 43.377
-46.457, -46.739, 43.154
-46.557, -46.735, 42.931
-46.657, -46.73, 42.706
-46.757, -46.726, 42.48
-46.857, -46.721, 42.253
-46.957, -46.717, 42.025
-47.057, -46.712, 41.796
-47.157, -46.708, 41.565
-47.257, -46.703, 41.333
-47.357, -46.699, 41.099
-47.456, -46.694, 40.864
-47.556, -46.69, 40.628
-47.656, -46.686, 40.391
-47.756, -46.681, 40.152
-47.856, -46.677, 39.912
-47.956, -46.673, 39.67
-48.056, -46.668, 39.427
-48.156, -46.664, 39.182
-48.256, -46.66, 38.936
-48.356, -46.656, 38.688
-48.456, -46.651, 38.438
-48.555, -46.647, 38.187
-48.655, -46.643, 37.935
-48.755, -46.639, 37.68
-48.855, -46.635, 37.424
-48.955, -46.631, 37.166
-49.055, -46.627, 36.906
-49.155, -46.622, 36.645
-49.255, -46.618, 36.381
-49.355, -46.614, 36.116
-49.455, -46.61, 35.848
-49.555, -46.607, 35.579
-49.655, -46.603, 35.308
-49.754, -46.599, 35.034
-49.854, -46.595, 34.758
-49.954, -46.591, 34.481
-50.054, -46.587, 34.2
-50.154, -46.583, 33.918
-50.254, -46.58, 33.633
-50.354, -46.576, 33.346
-50.454, -46.572, 33.056
-50.554, -46.569, 32.764
-50.654, -46.565, 32.469
-50.754, -46.561, 32.171
-50.854, -46.558, 31.871
-50.954, -46.554, 31.568
-51.054, -46.551, 31.261
-51.154, -46.547, 30.952
-51.253, -46.544, 30.64
-51.353, -46.54, 30.324
-51.453, -46.537, 30.005
-51.553, -46.534, 29.683
-51.653, -46.53, 29.357
-51.753, -46.527, 29.027
-51.853, -46.524, 28.694
-51.953, -46.521, 28.357
-52.053, -46.517, 28.015
-52.153, -46.514, 27.67
-52.253, -46.511, 27.32
-52.353, -46.508, 26.966
-52.453, -46.505, 26.607
-52.553, -46.502, 26.242
-52.653, -46.499, 25.873
-52.753, -46.496, 25.499
-52.853, -46.493, 25.119
-52.953, -46.49, 24.733
-53.053, -46.488, 24.341
-53.153, -46.485, 23.942
-53.252, -46.482, 23.537
-53.352, -46.479, 23.125
-53.452, -46.476, 22.705
-53.552, -46.474, 22.277
-53.652, -46.471, 21.841
-53.752, -46.469, 21.396
-53.852, -46.466, 20.942
-53.952, -46.463, 20.477
-54.052, -46.461, 20.002
-54.152, -46.458, 19.515
-54.252, -46.456, 19.015
-54.352, -46.454, 18.503
-54.452, -46.451, 17.975
-54.552, -46.449, 17.432
-54.652, -46.447, 16.871
-54.752, -46.444, 16.291
-54.852, -46.442, 15.689
-54.952, -46.44, 15.063
-55.052, -46.438, 14.411
-55.152, -46.436, 13.727
-55.252, -46.434, 13.007
-55.352, -46.432, 12.245
-55.452, -46.43, 11.433
-55.552, -46.428, 10.558
-55.652, -46.426, 9.603
-55.752, -46.424, 8.543
-55.852, -46.422, 7.331
-55.952, -46.42, 5.874
-56.052, -46.418, 3.907
-56.131, -46.417, 0
-56.131, -46.417, 0
-76.128, -46.063, 0
endData
96.2
86
200
-48, -24, -39.418, -23.72, -37.148, -23.926, -27.451, -23.72
-27.451, -23.72, -17.753, -23.514, -16.928, -30.116, -13.626, -36.1
-13.626, -36.1, -9.912, -43.116, -2.278, -42.29, 4.944, -43.322
4.944, -43.322, 12.165, -44.354, 14.229, -38.164, 23.72, -47.242
23.72, -47.242, 30.529, -55.083, 20.625, -62.924, 0.404, -58.797
0.404, -58.797, -9.087, -56.115, -9.912, -47.242, -24.356, -47.242
-24.356, -47.242, -38.593, -47.449, -44.37, -46.623, -56.131, -46.417
#PATH.JERRYIO-DATA {"appVersion":"0.8.3","format":"LemLib v0.5","gc":{"robotWidth":15,"robotHeight":16,"robotIsHolonomic":false,"showRobot":true,"uol":2.54,"pointDensity":0.1,"controlMagnetDistance":1.968503937007874,"fieldImage":{"displayName":"V5RC 2025 - High Stakes (Skills)","signature":"V5RC 2025 - High Stakes (Skills)","origin":{"__type":"built-in"}},"coordinateSystem":"VEX Gaming Positioning System"},"paths":[{"segments":[{"controls":[{"uid":"tp4fwZR1rr","x":-48,"y":-24,"lock":false,"visible":true,"heading":0,"__type":"end-point"},{"uid":"weVTHxLXVR","x":-39.41803320488813,"y":-23.720148122036946,"lock":false,"visible":true,"__type":"control"},{"uid":"V7WacB3YCS","x":-37.14836001993332,"y":-23.92648204794193,"lock":false,"visible":true,"__type":"control"},{"uid":"FBnkPwYXqX","x":-27.450665502399065,"y":-23.720148122036946,"lock":false,"visible":true,"heading":0,"__type":"end-point"}],"speedProfiles":[{"uid":"WaU8KUxGHa","xPos":0.46078431372549017,"yPos":1,"followBentRate":true}],"lookaheadKeyframes":[],"uid":"T1sneRDRjo"},{"controls":[{"uid":"FBnkPwYXqX","x":-27.450665502399065,"y":-23.720148122036946,"lock":false,"visible":true,"heading":0,"__type":"end-point"},{"uid":"rSQAJ0B9HT","x":-17.752970984864824,"y":-23.51381419613196,"lock":false,"visible":true,"__type":"control"},{"uid":"SNde8aL2BA","x":-16.92763528124489,"y":-30.116499825091445,"lock":false,"visible":true,"__type":"control"},{"uid":"ur3A2aMJQ9","x":-13.626292466765143,"y":-36.10018367633598,"lock":false,"visible":true,"heading":0,"__type":"end-point"}],"speedProfiles":[],"lookaheadKeyframes":[],"uid":"xsSNIygJ0h"},{"controls":[{"uid":"ur3A2aMJQ9","x":-13.626292466765143,"y":-36.10018367633598,"lock":false,"visible":true,"heading":0,"__type":"end-point"},{"uid":"Et7anQkjcw","x":-9.912281800475432,"y":-43.11553715710543,"lock":false,"visible":true,"__type":"control"},{"uid":"qowsr4Dr3a","x":-2.277926541991027,"y":-42.2902014534855,"lock":false,"visible":true,"__type":"control"},{"uid":"TbiMwgxX1J","x":4.94376086468341,"y":-43.32187108301042,"lock":false,"visible":true,"heading":0,"__type":"end-point"}],"speedProfiles":[],"lookaheadKeyframes":[],"uid":"loio9E0xXe"},{"controls":[{"uid":"TbiMwgxX1J","x":4.94376086468341,"y":-43.32187108301042,"lock":false,"visible":true,"heading":0,"__type":"end-point"},{"uid":"6rchQEOprl","x":12.165448271357848,"y":-44.35354071253534,"lock":false,"visible":true,"__type":"control"},{"uid":"FT6FKC19Ml","x":14.228787530407686,"y":-38.16352293538582,"lock":false,"visible":true,"__type":"control"},{"uid":"puy9IqUS1q","x":23.720148122036946,"y":-47.24221567520512,"lock":false,"visible":true,"heading":0,"__type":"end-point"}],"speedProfiles":[],"lookaheadKeyframes":[],"uid":"NA2chCMHj9"},{"controls":[{"uid":"puy9IqUS1q","x":23.720148122036946,"y":-47.24221567520512,"lock":false,"visible":true,"heading":0,"__type":"end-point"},{"uid":"8FMSfSJezr","x":30.529167676901416,"y":-55.08290485959451,"lock":false,"visible":true,"__type":"control"},{"uid":"IDOfU0zzmh","x":20.62513923346219,"y":-62.9235940439839,"lock":false,"visible":true,"__type":"control"},{"uid":"mLNdGvLOMw","x":0.4044144947737643,"y":-58.796915525884216,"lock":false,"visible":true,"heading":0,"__type":"end-point"}],"speedProfiles":[],"lookaheadKeyframes":[],"uid":"dYTUEm80Po"},{"controls":[{"uid":"mLNdGvLOMw","x":0.4044144947737643,"y":-58.796915525884216,"lock":false,"visible":true,"heading":0,"__type":"end-point"},{"uid":"8TRG9uxOKf","x":-9.086946096855495,"y":-56.11457448911942,"lock":false,"visible":true,"__type":"control"},{"uid":"bT3R6CFAK3","x":-9.912281800475432,"y":-47.24221567520512,"lock":false,"visible":true,"__type":"control"},{"uid":"XmCevfjDtC","x":-24.355656613824305,"y":-47.24221567520512,"lock":false,"visible":true,"heading":0,"__type":"end-point"}],"speedProfiles":[],"lookaheadKeyframes":[],"uid":"7XVjILHhf9"},{"controls":[{"uid":"XmCevfjDtC","x":-24.355656613824305,"y":-47.24221567520512,"lock":false,"visible":true,"heading":0,"__type":"end-point"},{"uid":"Cc5mRgyQNZ","x":-38.592697501268205,"y":-47.4485496011101,"lock":false,"visible":true,"__type":"control"},{"uid":"h1kKzg3VUh","x":-44.37004742660775,"y":-46.62321389749017,"lock":false,"visible":true,"__type":"control"},{"uid":"IqTei4NkEd","x":-56.13108120319183,"y":-46.41687997158518,"lock":false,"visible":true,"heading":0,"__type":"end-point"}],"speedProfiles":[],"lookaheadKeyframes":[],"uid":"aQquyLxDts"}],"pc":{"speedLimit":{"minLimit":{"value":0,"label":"0"},"maxLimit":{"value":127,"label":"127"},"step":1,"from":0,"to":86},"bentRateApplicableRange":{"minLimit":{"value":0,"label":"0"},"maxLimit":{"value":1,"label":"1"},"step":0.001,"from":0,"to":0.063},"maxDecelerationRate":96.2},"name":"Path","uid":"hj0pQaEban","lock":false,"visible":false},{"segments":[{"controls":[{"uid":"8JI68o4l8y","x":48,"y":0,"lock":false,"visible":true,"heading":0,"__type":"end-point"},{"uid":"YlbpxYgcn5","x":41.052197898055596,"y":-11.546446493642897,"lock":false,"visible":true,"__type":"control"},{"uid":"tPmKptrQDA","x":30.32283375099641,"y":-20.62513923346218,"lock":false,"visible":true,"__type":"control"},{"uid":"ctjNRFvzwe","x":15.054123234027623,"y":-11.75278041954788,"lock":false,"visible":true,"heading":0,"__type":"end-point"}],"speedProfiles":[],"lookaheadKeyframes":[],"uid":"4Xvy53lCPs"},{"controls":[{"uid":"ctjNRFvzwe","x":15.054123234027623,"y":-11.75278041954788,"lock":false,"visible":true,"heading":0,"__type":"end-point"},{"uid":"XXRqoCXYsH","x":-0.2145872829411477,"y":-2.8804216056335825,"lock":false,"visible":true,"__type":"control"},{"uid":"kQvv8sxx3W","x":-15.276963874005013,"y":15.380130836957505,"lock":false,"visible":true,"__type":"control"},{"uid":"IMHRwlInuf","x":-21.260647725249548,"y":21.260647725249548,"lock":false,"visible":true,"heading":0,"__type":"end-point"}],"speedProfiles":[],"lookaheadKeyframes":[],"uid":"XEDP8nPlGa"},{"controls":[{"uid":"IMHRwlInuf","x":-21.260647725249548,"y":21.260647725249548,"lock":false,"visible":true,"heading":0,"__type":"end-point"},{"uid":"QeEKhWOVur","x":-27.244331576494083,"y":27.14116461354159,"lock":false,"visible":true,"__type":"control"},{"uid":"gKhsN97a1q","x":-22.39548431772696,"y":34.05335113135855,"lock":false,"visible":true,"__type":"control"},{"uid":"QGhyQLGbaB","x":-23.53032091020437,"y":46.84605453746755,"lock":false,"visible":true,"heading":0,"__type":"end-point"}],"speedProfiles":[],"lookaheadKeyframes":[],"uid":"jIMQtzlqw6"}],"pc":{"speedLimit":{"minLimit":{"value":0,"label":"0"},"maxLimit":{"value":127,"label":"127"},"step":1,"from":0,"to":100},"bentRateApplicableRange":{"minLimit":{"value":0,"label":"0"},"maxLimit":{"value":1,"label":"1"},"step":0.001,"from":0,"to":0.066},"maxDecelerationRate":109.3},"name":"Path","uid":"q3kBkyvvBW","lock":false,"visible":false},{"segments":[{"controls":[{"uid":"K7NCskYm1b","x":58,"y":58,"lock":false,"visible":true,"heading":0,"__type":"end-point"},{"uid":"2irk7oGCXH","x":55.08290485959451,"y":54.27407587004698,"lock":false,"visible":true,"heading":0,"__type":"end-point"}],"speedProfiles":[],"lookaheadKeyframes":[],"uid":"6GcIf4XJpF"},{"controls":[{"uid":"2irk7oGCXH","x":55.08290485959451,"y":54.27407587004698,"lock":false,"visible":true,"heading":0,"__type":"end-point"},{"uid":"AQPGYfGU1d","x":52.16580971918901,"y":50.54815174009396,"lock":false,"visible":true,"__type":"control"},{"uid":"lC3YbUxWTj","x":11.959114345452864,"y":50.1473973519473,"lock":false,"visible":true,"__type":"control"},{"uid":"IHohwBDcQ1","x":23.101146344321997,"y":23.736654836109356,"lock":false,"visible":true,"heading":0,"__type":"end-point"}],"speedProfiles":[],"lookaheadKeyframes":[],"uid":"n9RgblVymz"},{"controls":[{"uid":"IHohwBDcQ1","x":23.101146344321997,"y":23.736654836109356,"lock":false,"visible":true,"heading":0,"__type":"end-point"},{"uid":"YTuPgyDIBU","x":34.24317834319113,"y":-2.6740876797285864,"lock":false,"visible":true,"__type":"control"},{"uid":"LB6KnJS7Pi","x":46.31371300863269,"y":3.6190970603734223,"lock":false,"visible":true,"__type":"control"},{"uid":"mSyvUqf7xG","x":54.257569155974565,"y":-2.6740876797285873,"lock":false,"visible":true,"heading":0,"__type":"end-point"}],"speedProfiles":[],"lookaheadKeyframes":[],"uid":"ljX6Ep63ZJ"},{"controls":[{"uid":"mSyvUqf7xG","x":54.257569155974565,"y":-2.6740876797285873,"lock":false,"visible":true,"heading":0,"__type":"end-point"},{"uid":"79fe7zCjSC","x":68.90727789522842,"y":-9.483107234593056,"lock":false,"visible":true,"__type":"control"},{"uid":"FjxLU2qrss","x":50.130890637874884,"y":-44.9725424902503,"lock":false,"visible":true,"__type":"control"},{"uid":"ywNcjdjX6s","x":59.003249451789195,"y":-55.701906637309456,"lock":false,"visible":true,"heading":0,"__type":"end-point"}],"speedProfiles":[],"lookaheadKeyframes":[],"uid":"D7m2WOTMIb"}],"pc":{"speedLimit":{"minLimit":{"value":0,"label":"0"},"maxLimit":{"value":127,"label":"127"},"step":1,"from":0,"to":100},"bentRateApplicableRange":{"minLimit":{"value":0,"label":"0"},"maxLimit":{"value":1,"label":"1"},"step":0.001,"from":0,"to":0.034},"maxDecelerationRate":90.5},"name":"Path","uid":"imkik1Xec0","lock":false,"visible":false},{"segments":[{"controls":[{"uid":"dHNlII536W","x":48,"y":-48,"lock":false,"visible":true,"heading":0,"__type":"end-point"},{"uid":"XRy8IwNZGf","x":46,"y":-46,"lock":false,"visible":true,"heading":0,"__type":"end-point"}],"speedProfiles":[],"lookaheadKeyframes":[],"uid":"kdLyeu77nR"},{"controls":[{"uid":"XRy8IwNZGf","x":46,"y":-46,"lock":false,"visible":true,"heading":0,"__type":"end-point"},{"uid":"TgZV1HTq7E","x":44,"y":-44,"lock":false,"visible":true,"__type":"control"},{"uid":"4Hu7Y1B8nl","x":0.19808056886878034,"y":-0.19808056886878034,"lock":false,"visible":true,"__type":"control"},{"uid":"YexcY0AgDa","x":62.71726011807891,"y":0.00825335703620358,"lock":false,"visible":true,"heading":0,"__type":"end-point"}],"speedProfiles":[],"lookaheadKeyframes":[],"uid":"bVUbM9E7ly"}],"pc":{"speedLimit":{"minLimit":{"value":0,"label":"0"},"maxLimit":{"value":127,"label":"127"},"step":1,"from":0,"to":98},"bentRateApplicableRange":{"minLimit":{"value":0,"label":"0"},"maxLimit":{"value":1,"label":"1"},"step":0.001,"from":0,"to":0.05},"maxDecelerationRate":65.2},"name":"Path","uid":"qyrybT9sDj","lock":false,"visible":false}]}