-55.244, 31.122, 72.363
-55.145, 31.137, 72.256
-55.046, 31.153, 72.149
-54.948, 31.168, 72.042
-54.849, 31.183, 71.934
-54.75, 31.199, 71.826
-54.651, 31.214, 71.719
-54.552, 31.229, 71.611
-54.453, 31.245, 71.502
-54.355, 31.26, 71.394
-54.256, 31.276, 71.286
-54.157, 31.291, 71.177
-54.058, 31.306, 71.068
-53.959, 31.322, 70.959
-53.861, 31.337, 70.85
-53.762, 31.352, 70.741
-53.663, 31.368, 70.631
-53.564, 31.383, 70.521
-53.465, 31.398, 70.412
-53.367, 31.414, 70.302
-53.268, 31.429, 70.191
-53.169, 31.444, 70.081
-53.07, 31.46, 69.97
-52.971, 31.475, 69.86
-52.872, 31.49, 69.749
-52.774, 31.506, 69.638
-52.675, 31.521, 69.527
-52.576, 31.536, 69.415
-52.477, 31.552, 69.304
-52.378, 31.567, 69.192
-52.28, 31.583, 69.08
-52.181, 31.598, 68.968
-52.082, 31.613, 68.855
-51.983, 31.629, 68.743
-51.884, 31.644, 68.63
-51.785, 31.659, 68.517
-51.687, 31.675, 68.404
-51.588, 31.69, 68.291
-51.489, 31.705, 68.178
-51.39, 31.721, 68.064
-51.291, 31.736, 67.95
-51.193, 31.751, 67.836
-51.094, 31.767, 67.722
-50.995, 31.782, 67.608
-50.896, 31.797, 67.493
-50.797, 31.813, 67.378
-50.699, 31.828, 67.263
-50.6, 31.844, 67.148
-50.501, 31.859, 67.033
-50.402, 31.874, 66.917
-50.303, 31.89, 66.801
-50.204, 31.905, 66.685
-50.106, 31.92, 66.569
-50.007, 31.936, 66.453
-49.908, 31.951, 66.336
-49.809, 31.966, 66.22
-49.71, 31.982, 66.103
-49.612, 31.997, 65.985
-49.513, 32.012, 65.868
-49.414, 32.028, 65.75
-49.315, 32.043, 65.633
-49.216, 32.058, 65.514
-49.117, 32.074, 65.396
-49.019, 32.089, 65.278
-48.92, 32.104, 65.159
-48.821, 32.12, 65.04
-48.722, 32.135, 64.921
-48.623, 32.151, 64.802
-48.525, 32.166, 64.682
-48.426, 32.181, 64.562
-48.327, 32.197, 64.442
-48.228, 32.212, 64.322
-48.129, 32.227, 64.202
-48.031, 32.243, 64.081
-47.932, 32.258, 63.96
-47.833, 32.273, 63.839
-47.734, 32.289, 63.718
-47.635, 32.304, 63.596
-47.536, 32.319, 63.474
-47.438, 32.335, 63.352
-47.339, 32.35, 63.23
-47.24, 32.365, 63.107
-47.141, 32.381, 62.985
-47.042, 32.396, 62.862
-46.944, 32.411, 62.738
-46.845, 32.427, 62.615
-46.746, 32.442, 62.491
-46.647, 32.458, 62.367
-46.548, 32.473, 62.243
-46.449, 32.488, 62.118
-46.351, 32.504, 61.994
-46.252, 32.519, 61.869
-46.153, 32.534, 61.744
-46.054, 32.55, 61.618
-45.955, 32.565, 61.492
-45.857, 32.58, 61.366
-45.758, 32.596, 61.24
-45.659, 32.611, 61.114
-45.56, 32.626, 60.987
-45.461, 32.642, 60.86
-45.363, 32.657, 60.732
-45.264, 32.672, 60.605
-45.165, 32.688, 60.477
-45.066, 32.703, 60.349
-44.967, 32.719, 60.22
-44.868, 32.734, 60.092
-44.77, 32.749, 59.963
-44.671, 32.765, 59.834
-44.572, 32.78, 59.704
-44.473, 32.795, 59.574
-44.374, 32.811, 59.444
-44.276, 32.826, 59.314
-44.177, 32.841, 59.183
-44.078, 32.857, 59.052
-43.979, 32.872, 58.921
-43.88, 32.887, 58.79
-43.781, 32.903, 58.658
-43.683, 32.918, 58.526
-43.584, 32.933, 58.393
-43.485, 32.949, 58.261
-43.386, 32.964, 58.128
-43.287, 32.979, 57.994
-43.189, 32.995, 57.861
-43.09, 33.01, 57.727
-42.991, 33.026, 57.593
-42.892, 33.041, 57.458
-42.793, 33.056, 57.323
-42.695, 33.072, 57.188
-42.596, 33.087, 57.052
-42.497, 33.102, 56.917
-42.398, 33.118, 56.781
-42.299, 33.133, 56.644
-42.2, 33.148, 56.507
-42.102, 33.164, 56.37
-42.003, 33.179, 56.233
-41.904, 33.194, 56.095
-41.805, 33.21, 55.957
-41.706, 33.225, 55.818
-41.607, 33.236, 55.679
-41.508, 33.247, 55.83
-41.408, 33.258, 56.089
-41.309, 33.27, 56.383
-41.21, 33.283, 56.743
-41.111, 33.297, 57.169
-41.012, 33.312, 57.66
-40.913, 33.328, 58.315
-40.814, 33.344, 58.944
-40.716, 33.361, 59.635
-40.618, 33.379, 60.386
-40.519, 33.398, 61.336
-40.421, 33.417, 62.209
-40.323, 33.437, 62.643
-40.225, 33.458, 62.519
-40.128, 33.48, 62.395
-40.03, 33.502, 62.271
-39.933, 33.525, 62.146
-39.836, 33.548, 62.022
-39.739, 33.572, 61.897
-39.642, 33.597, 61.772
-39.545, 33.622, 61.646
-39.448, 33.647, 61.521
-39.352, 33.673, 61.395
-39.255, 33.7, 61.268
-39.159, 33.727, 61.142
-39.063, 33.754, 61.015
-38.967, 33.782, 60.888
-38.871, 33.81, 60.761
-38.775, 33.839, 60.633
-38.679, 33.867, 60.506
-38.583, 33.896, 60.378
-38.488, 33.926, 60.249
-38.392, 33.955, 60.121
-38.297, 33.985, 59.992
-38.201, 34.015, 59.863
-38.106, 34.045, 59.733
-38.011, 34.075, 59.604
-37.915, 34.105, 59.474
-37.82, 34.136, 59.343
-37.725, 34.166, 59.213
-37.63, 34.197, 59.082
-37.534, 34.227, 58.951
-37.439, 34.258, 58.819
-37.344, 34.288, 58.687
-37.249, 34.319, 58.555
-37.154, 34.349, 58.423
-37.058, 34.38, 58.29
-36.963, 34.41, 58.158
-36.868, 34.44, 58.024
-36.772, 34.471, 57.891
-36.677, 34.501, 57.757
-36.582, 34.531, 57.623
-36.486, 34.56, 57.488
-36.391, 34.59, 57.353
-36.295, 34.62, 57.218
-36.199, 34.649, 57.083
-36.104, 34.678, 56.947
-36.008, 34.707, 56.811
-35.912, 34.736, 56.675
-35.816, 34.764, 56.538
-35.72, 34.792, 56.401
-35.624, 34.82, 56.263
-35.528, 34.848, 56.126
-35.432, 34.876, 55.988
-35.336, 34.903, 55.849
-35.24, 34.93, 55.71
-35.144, 34.957, 55.571
-35.047, 34.984, 55.432
-34.951, 35.01, 55.292
-34.854, 35.036, 55.152
-34.757, 35.062, 55.011
-34.661, 35.087, 54.871
-34.564, 35.112, 54.729
-34.467, 35.137, 54.588
-34.37, 35.162, 54.446
-34.273, 35.186, 54.303
-34.176, 35.21, 54.161
-34.079, 35.234, 54.018
-33.982, 35.258, 53.874
-33.885, 35.281, 53.73
-33.787, 35.304, 53.586
-33.69, 35.326, 53.441
-33.592, 35.349, 53.296
-33.495, 35.371, 53.151
-33.397, 35.393, 53.005
-33.3, 35.414, 52.859
-33.202, 35.435, 52.712
-33.104, 35.456, 52.565
-33.006, 35.477, 52.418
-32.908, 35.497, 52.27
-32.81, 35.517, 52.122
-32.712, 35.536, 51.973
-32.614, 35.556, 51.824
-32.516, 35.575, 51.674
-32.418, 35.594, 51.524
-32.319, 35.612, 51.374
-32.221, 35.63, 51.223
-32.123, 35.648, 51.072
-32.024, 35.666, 50.92
-31.926, 35.683, 50.768
-31.827, 35.7, 50.615
-31.729, 35.717, 50.462
-31.63, 35.734, 50.308
-31.531, 35.75, 50.154
-31.433, 35.766, 49.999
-31.334, 35.782, 49.844
-31.235, 35.797, 49.689
-31.136, 35.812, 49.533
-31.037, 35.827, 49.376
-30.938, 35.842, 49.219
-30.839, 35.856, 49.062
-30.741, 35.87, 48.904
-30.641, 35.884, 48.745
-30.542, 35.898, 48.586
-30.443, 35.911, 48.427
-30.344, 35.924, 48.267
-30.245, 35.937, 48.106
-30.146, 35.95, 47.945
-30.047, 35.962, 47.783
-29.947, 35.974, 47.621
-29.848, 35.986, 47.458
-29.749, 35.998, 47.295
-29.649, 36.009, 47.131
-29.55, 36.02, 46.966
-29.451, 36.031, 46.801
-29.351, 36.042, 46.635
-29.252, 36.052, 46.469
-29.152, 36.062, 46.302
-29.053, 36.072, 46.135
-28.953, 36.082, 45.967
-28.854, 36.092, 45.798
-28.754, 36.101, 45.629
-28.654, 36.11, 45.459
-28.555, 36.119, 45.288
-28.455, 36.128, 45.117
-28.356, 36.136, 44.945
-28.256, 36.144, 44.773
-28.156, 36.152, 44.599
-28.057, 36.16, 44.425
-27.957, 36.168, 44.251
-27.857, 36.175, 44.076
-27.757, 36.182, 43.9
-27.658, 36.189, 43.723
-27.558, 36.196, 43.546
-27.458, 36.203, 43.367
-27.358, 36.209, 43.189
-27.258, 36.215, 43.009
-27.159, 36.221, 42.829
-27.059, 36.227, 42.648
-26.959, 36.233, 42.466
-26.859, 36.238, 42.283
-26.759, 36.243, 42.1
-26.659, 36.249, 41.915
-26.559, 36.253, 41.73
-26.46, 36.258, 41.544
-26.36, 36.263, 41.358
-26.26, 36.267, 41.17
-26.16, 36.271, 40.982
-26.06, 36.275, 40.792
-25.96, 36.279, 40.602
-25.86, 36.283, 40.411
-25.76, 36.286, 40.219
-25.66, 36.29, 40.026
-25.56, 36.293, 39.832
-25.46, 36.296, 39.638
-25.36, 36.299, 39.442
-25.26, 36.301, 39.245
-25.16, 36.304, 39.047
-25.06, 36.306, 38.849
-24.96, 36.308, 38.649
-24.86, 36.31, 38.448
-24.761, 36.312, 38.246
-24.661, 36.314, 38.043
-24.561, 36.315, 37.839
-24.461, 36.317, 37.634
-24.361, 36.318, 37.428
-24.261, 36.319, 37.221
-24.161, 36.32, 37.012
-24.061, 36.321, 36.802
-23.961, 36.322, 36.592
-23.861, 36.322, 36.379
-23.761, 36.323, 36.166
-23.661, 36.323, 35.951
-23.561, 36.323, 35.735
-23.463, 36.34, 35.52
-23.366, 36.364, 37.491
-23.268, 36.386, 39.906
-23.17, 36.408, 41.797
-23.072, 36.428, 43.9
-22.974, 36.447, 43.723
-22.876, 36.465, 43.546
-22.777, 36.482, 43.368
-22.679, 36.498, 43.189
-22.58, 36.514, 43.009
-22.481, 36.528, 42.829
-22.382, 36.542, 42.648
-22.283, 36.554, 42.466
-22.183, 36.566, 42.283
-22.084, 36.577, 42.1
-21.985, 36.588, 41.916
-21.885, 36.597, 41.731
-21.785, 36.606, 41.545
-21.686, 36.614, 41.358
-21.586, 36.622, 41.17
-21.486, 36.629, 40.982
-21.387, 36.636, 40.793
-21.287, 36.642, 40.602
-21.187, 36.647, 40.411
-21.087, 36.652, 40.219
-20.987, 36.656, 40.027
-20.887, 36.66, 39.833
-20.787, 36.664, 39.638
-20.687, 36.667, 39.442
-20.587, 36.669, 39.245
-20.487, 36.672, 39.048
-20.387, 36.673, 38.849
-20.287, 36.675, 38.649
-20.187, 36.676, 38.448
-20.087, 36.677, 38.247
-19.987, 36.678, 38.044
-19.887, 36.678, 37.84
-19.787, 36.678, 37.635
-19.687, 36.678, 37.428
-19.587, 36.677, 37.221
-19.487, 36.677, 37.012
-19.387, 36.676, 36.803
-19.287, 36.675, 36.592
-19.187, 36.674, 36.38
-19.087, 36.672, 36.166
-18.987, 36.671, 35.952
-18.887, 36.669, 35.736
-18.787, 36.667, 35.518
-18.687, 36.666, 35.3
-18.587, 36.664, 35.08
-18.487, 36.662, 34.859
-18.388, 36.66, 34.636
-18.288, 36.658, 34.412
-18.188, 36.656, 34.186
-18.088, 36.654, 33.959
-17.988, 36.652, 33.73
-17.888, 36.65, 33.5
-17.788, 36.648, 33.268
-17.688, 36.646, 33.035
-17.588, 36.644, 32.799
-17.488, 36.642, 32.563
-17.388, 36.64, 32.324
-17.288, 36.639, 32.084
-17.188, 36.637, 31.841
-17.088, 36.636, 31.597
-16.988, 36.635, 31.352
-16.888, 36.633, 31.104
-16.788, 36.633, 30.854
-16.688, 36.632, 30.602
-16.588, 36.631, 30.348
-16.488, 36.631, 30.092
-16.388, 36.631, 29.834
-16.288, 36.631, 29.573
-16.188, 36.632, 29.31
-16.088, 36.633, 29.045
-15.988, 36.634, 28.777
-15.888, 36.635, 28.507
-15.788, 36.637, 28.234
-15.688, 36.639, 27.959
-15.588, 36.641, 27.68
-15.488, 36.644, 27.399
-15.388, 36.647, 27.115
-15.288, 36.651, 26.828
-15.188, 36.655, 26.538
-15.088, 36.66, 26.245
-14.988, 36.665, 25.948
-14.888, 36.67, 25.648
-14.789, 36.676, 25.345
-14.689, 36.683, 25.038
-14.589, 36.69, 24.727
-14.489, 36.698, 24.411
-14.39, 36.706, 24.092
-14.29, 36.715, 23.769
-14.191, 36.724, 23.441
-14.091, 36.735, 23.108
-13.992, 36.746, 22.771
-13.892, 36.757, 22.429
-13.793, 36.77, 22.081
-13.694, 36.783, 21.727
-13.595, 36.797, 21.368
-13.496, 36.812, 21.003
-13.397, 36.827, 20.631
-13.299, 36.844, 20.252
-13.2, 36.861, 19.867
-13.102, 36.88, 19.473
-13.004, 36.899, 19.071
-12.906, 36.92, 18.661
-12.808, 36.941, 18.242
-12.711, 36.963, 17.812
-12.614, 36.987, 17.372
-12.517, 37.012, 16.921
-12.42, 37.037, 16.457
-12.324, 37.064, 15.98
-12.228, 37.093, 15.488
-12.132, 37.122, 14.98
-12.037, 37.153, 14.454
-11.943, 37.185, 13.908
-11.848, 37.218, 13.34
-11.755, 37.253, 12.747
-11.661, 37.289, 12.124
-11.569, 37.327, 11.468
-11.477, 37.366, 10.772
-11.385, 37.407, 10.028
-11.294, 37.449, 9.224
-11.204, 37.492, 8.343
-11.115, 37.537, 7.357
-11.027, 37.584, 6.216
-10.939, 37.632, 4.813
-10.853, 37.682, 2.994
-10.767, 37.734, 1.617
-10.682, 37.787, 0.003
-10.598, 37.842, 0
-10.516, 37.898, 0
-10.434, 37.956, 0
-10.354, 38.015, 0
-10.275, 38.077, 0
-10.197, 38.139, 0
-10.121, 38.204, 0
-10.046, 38.27, 0
-9.972, 38.337, 0
-9.899, 38.406, 0
-9.828, 38.477, 0
-9.759, 38.549, 0
-9.691, 38.622, 0
-9.625, 38.697, 0
-9.56, 38.773, 0
-9.496, 38.85, 0
-9.435, 38.929, 0
-9.374, 39.009, 0
-9.316, 39.09, 0
-9.259, 39.172, 0.725
-9.203, 39.255, 2.121
-9.15, 39.34, 3.602
-9.097, 39.425, 5.164
-9.047, 39.511, 6.798
-8.998, 39.598, 8.498
-8.95, 39.686, 10.256
-8.904, 39.775, 12.065
-8.859, 39.864, 13.918
-8.816, 39.955, 15.807
-8.775, 40.046, 17.727
-8.735, 40.137, 19.669
-8.696, 40.23, 21.628
-8.659, 40.322, 23.105
-8.623, 40.416, 25.078
-8.589, 40.51, 27.053
-8.555, 40.604, 28.531
-8.523, 40.699, 30.494
-8.493, 40.794, 32.444
-8.464, 40.889, 33.896
-8.435, 40.985, 35.814
-8.408, 41.082, 37.237
-8.383, 41.178, 38.646
-8.358, 41.275, 40.124
-8.335, 41.372, 39.93
-8.312, 41.47, 39.736
-8.291, 41.568, 39.541
-8.271, 41.666, 39.345
-8.251, 41.764, 39.147
-8.233, 41.862, 38.949
-8.216, 41.961, 38.75
-8.2, 42.059, 38.55
-8.184, 42.158, 38.348
-8.17, 42.257, 38.146
-8.156, 42.356, 37.943
-8.143, 42.455, 37.738
-8.132, 42.554, 37.532
-8.12, 42.654, 37.326
-8.11, 42.753, 37.118
-8.101, 42.853, 36.909
-8.092, 42.952, 36.698
-8.084, 43.052, 36.487
-8.077, 43.152, 36.274
-8.07, 43.252, 36.06
-8.065, 43.352, 35.845
-8.059, 43.451, 35.628
-8.055, 43.551, 35.41
-8.051, 43.651, 35.191
-8.047, 43.751, 34.97
-8.042, 43.851, 34.748
-8.038, 43.951, 34.525
-8.033, 44.051, 34.3
-8.029, 44.151, 34.073
-8.024, 44.251, 33.846
-8.02, 44.351, 33.616
-8.015, 44.45, 33.385
-8.01, 44.55, 33.152
-8.006, 44.65, 32.918
-8.001, 44.75, 32.682
-7.996, 44.85, 32.444
-7.991, 44.95, 32.205
-7.986, 45.05, 31.964
-7.981, 45.15, 31.721
-7.976, 45.249, 31.476
-7.97, 45.349, 31.229
-7.965, 45.449, 30.98
-7.959, 45.549, 30.729
-7.954, 45.649, 30.476
-7.948, 45.749, 30.221
-7.943, 45.849, 29.964
-7.937, 45.948, 29.705
-7.931, 46.048, 29.443
-7.925, 46.148, 29.179
-7.919, 46.248, 28.912
-7.913, 46.348, 28.643
-7.906, 46.447, 28.372
-7.9, 46.547, 28.098
-7.893, 46.647, 27.821
-7.887, 46.747, 27.541
-7.88, 46.847, 27.259
-7.873, 46.946, 26.973
-7.866, 47.046, 26.685
-7.859, 47.146, 26.393
-7.852, 47.246, 26.098
-7.844, 47.345, 25.8
-7.837, 47.445, 25.498
-7.829, 47.545, 25.193
-7.821, 47.644, 24.884
-7.813, 47.744, 24.571
-7.805, 47.844, 24.254
-7.797, 47.943, 23.932
-7.788, 48.043, 23.607
-7.779, 48.143, 23.277
-7.77, 48.242, 22.942
-7.761, 48.342, 22.602
-7.752, 48.441, 22.257
-7.742, 48.541, 21.906
-7.732, 48.64, 21.55
-7.722, 48.74, 21.188
-7.712, 48.839, 20.819
-7.701, 48.939, 20.444
-7.69, 49.038, 20.062
-7.679, 49.138, 19.672
-7.668, 49.237, 19.275
-7.656, 49.336, 18.869
-7.643, 49.435, 18.454
-7.631, 49.535, 18.03
-7.617, 49.634, 17.595
-7.604, 49.733, 17.15
-7.59, 49.832, 16.692
-7.575, 49.931, 16.222
-7.56, 50.03, 15.738
-7.544, 50.128, 15.238
-7.528, 50.227, 14.721
-7.511, 50.326, 14.186
-7.494, 50.424, 13.629
-7.475, 50.522, 13.049
-7.456, 50.621, 12.442
-7.437, 50.719, 11.803
-7.416, 50.816, 11.128
-7.395, 50.914, 10.41
-7.374, 51.012, 9.637
-7.353, 51.11, 8.798
-7.332, 51.207, 7.869
-7.311, 51.305, 6.815
-7.292, 51.403, 5.564
-7.274, 51.502, 3.934
-7.258, 51.601, 0
-7.244, 51.7, 0
-7.232, 51.799, 0.298
-7.222, 51.898, 8.631
-7.213, 51.998, 17.674
-7.206, 52.098, 18.359
-7.201, 52.198, 17.933
-7.197, 52.297, 17.496
-7.193, 52.397, 17.048
-7.191, 52.497, 16.587
-7.19, 52.597, 16.114
-7.189, 52.697, 15.626
-7.189, 52.797, 15.123
-7.19, 52.897, 14.602
-7.19, 52.997, 14.062
-7.192, 53.097, 13.5
-7.194, 53.197, 12.914
-7.196, 53.297, 12.301
-7.198, 53.397, 11.654
-7.201, 53.497, 10.97
-7.204, 53.597, 10.24
-7.207, 53.697, 9.454
-7.211, 53.797, 8.597
-7.215, 53.897, 7.644
-7.218, 53.997, 6.553
-7.222, 54.097, 5.241
-7.227, 54.197, 3.462
-7.23, 54.274, 0
-7.23, 54.274, 0
-8.088, 74.256, 0
endData
77.4
100
200
-55.244, 31.122, -48.466, 32.175, -48.466, 32.175, -41.688, 33.228
-41.688, 33.228, -37.355, 33.641, -34.879, 36.323, -23.53, 36.323
-23.53, 36.323, -17.959, 37.767, -8.468, 33.641, -8.055, 43.545
-8.055, 43.545, -7.643, 53.449, -7.024, 49.528, -7.23, 54.274
#PATH.JERRYIO-DATA {"appVersion":"0.8.3","format":"LemLib v0.5","gc":{"robotWidth":15,"robotHeight":16,"robotIsHolonomic":false,"showRobot":true,"uol":2.54,"pointDensity":0.1,"controlMagnetDistance":1.968503937007874,"fieldImage":{"displayName":"V5RC 2025 - High Stakes","signature":"V5RC 2025 - High Stakes","origin":{"__type":"built-in"}},"coordinateSystem":"VEX Gaming Positioning System"},"paths":[{"segments":[{"controls":[{"uid":"66ZT7vHfMj","x":-55.244,"y":31.122,"lock":false,"visible":true,"heading":90,"__type":"end-point"},{"uid":"5qKiMezbW1","x":-41.68770638984296,"y":33.22801542773861,"lock":false,"visible":true,"heading":0,"__type":"end-point"}],"speedProfiles":[],"lookaheadKeyframes":[],"uid":"WghFvbBppg"},{"controls":[{"uid":"5qKiMezbW1","x":-41.68770638984296,"y":33.22801542773861,"lock":false,"visible":true,"heading":0,"__type":"end-point"},{"uid":"oV8SqMD6w1","x":-37.35469394583829,"y":33.64068327954858,"lock":false,"visible":true,"__type":"control"},{"uid":"0Iiyv14rVQ","x":-34.87868683497851,"y":36.32302431631337,"lock":false,"visible":true,"__type":"control"},{"uid":"ywakTzzbpb","x":-23.53032091020437,"y":36.32302431631337,"lock":false,"visible":true,"heading":0,"__type":"end-point"}],"speedProfiles":[],"lookaheadKeyframes":[],"uid":"WYK1bwscL4"},{"controls":[{"uid":"ywakTzzbpb","x":-23.53032091020437,"y":36.32302431631337,"lock":false,"visible":true,"heading":0,"__type":"end-point"},{"uid":"s7knnvbmLq","x":-17.959304910769806,"y":37.76736179764826,"lock":false,"visible":true,"__type":"control"},{"uid":"iIAuNeVfiW","x":-8.467944319140543,"y":33.64068327954858,"lock":false,"visible":true,"__type":"control"},{"uid":"mYUMQk15Xs","x":-8.055276467330577,"y":43.54471172298781,"lock":false,"visible":true,"heading":0,"__type":"end-point"}],"speedProfiles":[],"lookaheadKeyframes":[],"uid":"dWg0kBadM3"},{"controls":[{"uid":"mYUMQk15Xs","x":-8.055276467330577,"y":43.54471172298781,"lock":false,"visible":true,"heading":0,"__type":"end-point"},{"uid":"ZH5cqE6hYz","x":-7.642608615520611,"y":53.448740166427044,"lock":false,"visible":true,"__type":"control"},{"uid":"7FcUfP3yGb","x":-7.023606837805655,"y":49.52839557423235,"lock":false,"visible":true,"__type":"control"},{"uid":"3Nw2Z48W8y","x":-7.2299407637106405,"y":54.27407587004698,"lock":false,"visible":true,"heading":0,"__type":"end-point"}],"speedProfiles":[],"lookaheadKeyframes":[],"uid":"BvozjgGGDo"}],"pc":{"speedLimit":{"minLimit":{"value":0,"label":"0"},"maxLimit":{"value":127,"label":"127"},"step":1,"from":0,"to":100},"bentRateApplicableRange":{"minLimit":{"value":0,"label":"0"},"maxLimit":{"value":1,"label":"1"},"step":0.001,"from":0,"to":0.076},"maxDecelerationRate":77.4},"name":"Path","uid":"T9RvOCNld6","lock":false,"visible":true}]}