58, 58, 29.475
57.938, 57.921, 29.167
57.877, 57.843, 28.855
57.815, 57.764, 28.539
57.753, 57.685, 28.22
57.692, 57.606, 27.898
57.63, 57.528, 27.572
57.568, 57.449, 27.241
57.507, 57.37, 26.907
57.445, 57.291, 26.569
57.384, 57.213, 26.226
57.322, 57.134, 25.878
57.26, 57.055, 25.526
57.199, 56.976, 25.169
57.137, 56.898, 24.807
57.075, 56.819, 24.44
57.014, 56.74, 24.066
56.952, 56.661, 23.687
56.89, 56.583, 23.302
56.829, 56.504, 22.911
56.767, 56.425, 22.512
56.705, 56.346, 22.106
56.644, 56.268, 21.693
56.582, 56.189, 21.272
56.52, 56.11, 20.842
56.459, 56.032, 20.403
56.397, 55.953, 19.955
56.336, 55.874, 19.496
56.274, 55.795, 19.026
56.212, 55.717, 18.544
56.151, 55.638, 18.05
56.089, 55.559, 17.541
56.027, 55.48, 17.018
55.966, 55.402, 16.477
55.904, 55.323, 15.918
55.842, 55.244, 15.339
55.781, 55.165, 14.738
55.719, 55.087, 14.11
55.657, 55.008, 13.453
55.596, 54.929, 12.763
55.534, 54.85, 12.033
55.473, 54.772, 11.256
55.411, 54.693, 10.421
55.349, 54.614, 9.513
55.288, 54.535, 8.509
55.226, 54.457, 7.369
55.164, 54.378, 6.016
55.103, 54.299, 4.254
55.039, 54.222, 0
54.97, 54.15, 0
54.897, 54.082, 0
54.819, 54.019, 0
54.739, 53.959, 0
54.657, 53.902, 0
54.572, 53.849, 0
54.486, 53.798, 0
54.399, 53.749, 0
54.311, 53.702, 0
54.222, 53.656, 0
54.132, 53.613, 0
54.041, 53.57, 0
53.95, 53.529, 0
53.858, 53.489, 0
53.766, 53.451, 0
53.673, 53.413, 0
53.58, 53.376, 0
53.487, 53.34, 4.102
53.394, 53.305, 11.946
53.3, 53.27, 19.056
53.206, 53.237, 23.429
53.111, 53.203, 29.491
53.017, 53.171, 35.015
52.922, 53.139, 38.427
52.827, 53.107, 43.178
52.732, 53.076, 46.12
52.637, 53.045, 48.897
52.542, 53.015, 52.777
52.446, 52.985, 55.188
52.351, 52.956, 57.47
52.255, 52.927, 60.67
52.159, 52.898, 62.665
52.063, 52.87, 64.558
51.967, 52.841, 66.355
51.871, 52.813, 68.885
51.775, 52.786, 70.469
51.679, 52.759, 71.977
51.583, 52.731, 73.413
51.486, 52.704, 74.782
51.39, 52.678, 76.088
51.294, 52.651, 77.334
51.197, 52.625, 77.219
51.101, 52.599, 77.102
51.004, 52.573, 76.985
50.907, 52.547, 76.867
50.811, 52.521, 76.749
50.714, 52.496, 76.631
50.617, 52.471, 76.513
50.521, 52.445, 76.395
50.424, 52.42, 76.276
50.327, 52.395, 76.157
50.23, 52.37, 76.038
50.133, 52.346, 75.919
50.036, 52.321, 75.8
49.939, 52.296, 75.681
49.842, 52.272, 75.561
49.745, 52.248, 75.441
49.648, 52.223, 75.321
49.551, 52.199, 75.201
49.454, 52.175, 75.08
49.357, 52.151, 74.96
49.26, 52.127, 74.839
49.163, 52.103, 74.718
49.066, 52.079, 74.597
48.969, 52.055, 74.475
48.872, 52.031, 74.354
48.775, 52.007, 74.232
48.678, 51.983, 74.11
48.581, 51.959, 73.987
48.483, 51.936, 73.865
48.386, 51.912, 73.742
48.289, 51.888, 73.62
48.192, 51.865, 73.497
48.095, 51.841, 73.373
47.998, 51.817, 73.25
47.9, 51.794, 73.126
47.803, 51.77, 73.002
47.706, 51.746, 72.878
47.609, 51.723, 72.754
47.512, 51.699, 72.63
47.415, 51.675, 72.505
47.317, 51.652, 72.38
47.22, 51.628, 72.255
47.123, 51.605, 72.129
47.026, 51.581, 72.004
46.929, 51.557, 71.878
46.832, 51.534, 71.752
46.734, 51.51, 71.626
46.637, 51.486, 71.499
46.54, 51.462, 71.373
46.443, 51.439, 71.246
46.346, 51.415, 71.119
46.249, 51.391, 70.991
46.152, 51.367, 70.864
46.055, 51.343, 70.736
45.958, 51.319, 70.608
45.86, 51.295, 70.479
45.763, 51.271, 70.351
45.666, 51.247, 70.222
45.569, 51.223, 70.093
45.472, 51.199, 69.964
45.375, 51.175, 69.834
45.278, 51.151, 69.705
45.181, 51.127, 69.575
45.084, 51.102, 69.445
44.987, 51.078, 69.314
44.89, 51.054, 69.183
44.793, 51.029, 69.052
44.696, 51.005, 68.921
44.599, 50.98, 68.79
44.502, 50.955, 68.658
44.405, 50.931, 68.526
44.309, 50.906, 68.394
44.212, 50.881, 68.262
44.115, 50.856, 68.129
44.018, 50.832, 67.996
43.921, 50.807, 67.863
43.824, 50.781, 67.729
43.727, 50.756, 67.595
43.631, 50.731, 67.461
43.534, 50.706, 67.327
43.437, 50.681, 67.193
43.341, 50.655, 67.058
43.244, 50.63, 66.923
43.147, 50.604, 66.787
43.05, 50.578, 66.652
42.954, 50.553, 66.516
42.857, 50.527, 66.38
42.761, 50.501, 66.243
42.664, 50.475, 66.106
42.568, 50.449, 65.969
42.471, 50.423, 65.832
42.374, 50.397, 65.694
42.278, 50.37, 65.556
42.182, 50.344, 65.418
42.085, 50.318, 65.28
41.989, 50.291, 65.141
41.892, 50.264, 65.002
41.796, 50.237, 64.863
41.7, 50.211, 64.723
41.603, 50.184, 64.583
41.507, 50.157, 64.443
41.411, 50.129, 64.302
41.315, 50.102, 64.161
41.218, 50.075, 64.02
41.122, 50.047, 63.878
41.026, 50.02, 63.737
40.93, 49.992, 63.594
40.834, 49.964, 63.452
40.738, 49.937, 63.309
40.642, 49.909, 63.166
40.546, 49.88, 63.023
40.45, 49.852, 62.879
40.354, 49.824, 62.735
40.258, 49.795, 62.59
40.162, 49.767, 62.446
40.067, 49.738, 62.3
39.971, 49.709, 62.155
39.875, 49.681, 62.009
39.779, 49.652, 61.863
39.684, 49.622, 61.717
39.588, 49.593, 61.57
39.493, 49.564, 61.423
39.397, 49.534, 61.275
39.302, 49.505, 61.127
39.206, 49.475, 60.979
39.111, 49.445, 60.83
39.015, 49.415, 60.682
38.92, 49.385, 60.532
38.825, 49.354, 60.383
38.729, 49.324, 60.232
38.634, 49.294, 60.082
38.539, 49.263, 59.931
38.444, 49.232, 59.78
38.349, 49.201, 59.628
38.254, 49.17, 59.476
38.159, 49.139, 59.324
38.064, 49.107, 59.171
37.969, 49.076, 59.018
37.874, 49.044, 58.865
37.779, 49.012, 58.711
37.684, 48.98, 58.556
37.59, 48.948, 58.402
37.495, 48.916, 58.246
37.4, 48.884, 58.091
37.306, 48.851, 57.935
37.211, 48.818, 57.778
37.117, 48.785, 57.622
37.023, 48.752, 57.464
36.928, 48.719, 57.307
36.834, 48.686, 57.148
36.74, 48.652, 56.99
36.646, 48.619, 56.831
36.552, 48.585, 56.671
36.457, 48.551, 56.511
36.363, 48.517, 56.351
36.27, 48.482, 56.19
36.176, 48.448, 56.029
36.082, 48.413, 55.867
35.988, 48.378, 55.705
35.895, 48.343, 55.542
35.801, 48.308, 55.379
35.707, 48.273, 55.215
35.614, 48.237, 55.051
35.521, 48.201, 54.887
35.427, 48.166, 54.722
35.334, 48.129, 54.556
35.241, 48.093, 54.39
35.148, 48.057, 54.223
35.055, 48.02, 54.056
34.962, 47.983, 53.888
34.869, 47.946, 53.72
34.776, 47.909, 53.551
34.683, 47.872, 53.382
34.59, 47.834, 53.212
34.498, 47.796, 53.042
34.405, 47.758, 52.871
34.313, 47.72, 52.7
34.221, 47.682, 52.528
34.128, 47.643, 52.355
34.036, 47.604, 52.182
33.944, 47.565, 52.008
33.852, 47.526, 51.834
33.76, 47.487, 51.659
33.668, 47.447, 51.483
33.577, 47.407, 51.307
33.485, 47.367, 51.131
33.394, 47.327, 50.953
33.302, 47.286, 50.775
33.211, 47.246, 50.597
33.12, 47.205, 50.418
33.028, 47.163, 50.238
32.937, 47.122, 50.057
32.846, 47.08, 49.876
32.756, 47.039, 49.695
32.665, 46.997, 49.512
32.574, 46.954, 49.329
32.484, 46.912, 49.145
32.393, 46.869, 48.961
32.303, 46.826, 48.775
32.213, 46.783, 48.59
32.123, 46.739, 48.403
32.033, 46.695, 48.216
31.943, 46.651, 48.028
31.853, 46.607, 47.839
31.764, 46.563, 47.649
31.674, 46.518, 47.459
31.585, 46.473, 47.268
31.496, 46.428, 47.076
31.407, 46.382, 46.883
31.318, 46.337, 46.69
31.229, 46.291, 46.496
31.141, 46.244, 46.301
31.052, 46.198, 46.105
30.964, 46.151, 45.908
30.875, 46.104, 45.71
30.787, 46.057, 45.512
30.699, 46.009, 45.313
30.612, 45.961, 45.113
30.524, 45.913, 44.912
30.436, 45.865, 44.71
30.349, 45.816, 44.507
30.262, 45.767, 44.303
30.175, 45.718, 44.098
30.088, 45.668, 43.892
30.001, 45.618, 43.686
29.915, 45.568, 43.478
29.829, 45.517, 43.269
29.742, 45.467, 43.06
29.656, 45.416, 42.849
29.571, 45.364, 42.637
29.485, 45.313, 42.425
29.4, 45.261, 42.211
29.314, 45.208, 41.996
29.229, 45.156, 41.78
29.144, 45.103, 41.563
29.06, 45.05, 41.344
28.975, 44.996, 41.125
28.891, 44.942, 40.904
28.807, 44.888, 40.682
28.723, 44.834, 40.459
28.639, 44.779, 40.235
28.556, 44.724, 40.009
28.473, 44.668, 39.783
28.39, 44.613, 39.554
28.307, 44.557, 39.325
28.224, 44.5, 39.094
28.142, 44.443, 38.862
28.06, 44.386, 38.628
27.978, 44.329, 38.393
27.897, 44.271, 38.157
27.815, 44.213, 37.919
27.734, 44.154, 37.68
27.653, 44.095, 37.439
27.573, 44.036, 37.196
27.492, 43.976, 36.952
27.412, 43.917, 36.706
27.333, 43.856, 36.459
27.253, 43.796, 36.21
27.174, 43.735, 35.959
27.095, 43.673, 35.706
27.016, 43.611, 35.452
26.938, 43.549, 35.196
26.86, 43.487, 34.938
26.782, 43.424, 34.678
26.705, 43.361, 34.416
26.628, 43.297, 34.152
26.551, 43.233, 33.886
26.474, 43.169, 33.618
26.398, 43.104, 33.347
26.322, 43.039, 33.075
26.247, 42.973, 32.8
26.171, 42.907, 32.523
26.097, 42.841, 32.244
26.022, 42.774, 31.962
25.948, 42.707, 31.677
25.874, 42.64, 31.39
25.801, 42.572, 31.101
25.728, 42.503, 30.808
25.655, 42.435, 30.513
25.583, 42.366, 30.215
25.511, 42.296, 29.914
25.439, 42.226, 29.61
25.368, 42.156, 29.303
25.298, 42.085, 28.992
25.227, 42.014, 28.678
25.157, 41.942, 28.361
25.088, 41.87, 28.04
25.019, 41.798, 27.715
24.95, 41.725, 27.387
24.882, 41.652, 27.055
24.814, 41.579, 26.718
24.747, 41.505, 26.377
24.68, 41.43, 26.032
24.614, 41.355, 25.682
24.548, 41.28, 25.327
24.483, 41.205, 24.967
24.418, 41.128, 24.602
24.353, 41.052, 24.231
24.289, 40.975, 23.855
24.226, 40.898, 23.472
24.163, 40.82, 23.084
24.101, 40.742, 22.688
24.039, 40.663, 22.286
23.977, 40.584, 21.876
23.917, 40.505, 21.458
23.856, 40.425, 21.032
23.796, 40.345, 20.597
23.737, 40.265, 20.153
23.679, 40.184, 19.699
23.62, 40.102, 19.234
23.563, 40.02, 18.798
23.506, 39.938, 18.311
23.45, 39.856, 17.934
23.394, 39.773, 17.422
23.339, 39.689, 17.109
23.284, 39.606, 16.572
23.23, 39.521, 16.297
23.177, 39.437, 15.762
23.124, 39.352, 15.501
23.072, 39.267, 14.995
23.02, 39.181, 14.75
22.969, 39.095, 14.275
22.919, 39.008, 14.046
22.869, 38.922, 13.605
22.82, 38.834, 13.393
22.772, 38.747, 12.986
22.724, 38.659, 12.792
22.677, 38.571, 12.604
22.631, 38.482, 12.246
22.585, 38.393, 12.077
22.54, 38.304, 11.758
22.496, 38.214, 11.609
22.452, 38.124, 11.331
22.409, 38.034, 11.202
22.367, 37.943, 10.965
22.326, 37.852, 10.858
22.285, 37.761, 10.664
22.245, 37.669, 10.578
22.205, 37.578, 10.428
22.166, 37.485, 10.364
22.128, 37.393, 10.26
22.091, 37.3, 10.219
22.055, 37.207, 10.16
22.019, 37.114, 10.142
21.984, 37.02, 10.132
21.949, 36.926, 10.135
21.916, 36.832, 10.148
21.883, 36.737, 10.198
21.851, 36.643, 10.235
21.819, 36.548, 10.333
21.788, 36.453, 10.393
21.758, 36.357, 10.538
21.729, 36.262, 10.622
21.701, 36.166, 10.714
21.673, 36.07, 10.921
21.646, 35.973, 11.036
21.62, 35.877, 11.29
21.594, 35.78, 11.429
21.569, 35.683, 11.729
21.545, 35.586, 11.89
21.522, 35.489, 12.059
21.499, 35.392, 12.418
21.477, 35.294, 12.609
21.456, 35.196, 13.013
21.436, 35.098, 13.226
21.416, 35, 13.445
21.397, 34.902, 13.906
21.379, 34.804, 14.146
21.362, 34.705, 14.647
21.345, 34.607, 14.908
21.329, 34.508, 15.175
21.314, 34.409, 15.728
21.299, 34.31, 16.014
21.285, 34.211, 16.306
21.272, 34.112, 16.908
21.26, 34.013, 17.217
21.248, 33.914, 17.533
21.237, 33.814, 18.181
21.227, 33.715, 18.513
21.217, 33.615, 19.192
21.209, 33.516, 19.54
21.2, 33.416, 19.892
21.193, 33.316, 20.611
21.186, 33.216, 20.977
21.18, 33.117, 21.348
21.175, 33.017, 21.723
21.17, 32.917, 22.486
21.166, 32.817, 22.873
21.162, 32.717, 23.264
21.159, 32.617, 24.058
21.157, 32.517, 24.46
21.156, 32.417, 24.865
21.155, 32.317, 25.685
21.155, 32.217, 26.1
21.156, 32.117, 26.518
21.157, 32.017, 26.938
21.158, 31.917, 27.786
21.161, 31.817, 28.214
21.164, 31.717, 28.643
21.167, 31.617, 29.075
21.172, 31.517, 29.946
21.176, 31.418, 30.383
21.182, 31.318, 30.823
21.188, 31.218, 31.264
21.195, 31.118, 32.15
21.202, 31.018, 32.595
21.21, 30.919, 33.041
21.218, 30.819, 33.488
21.227, 30.719, 33.936
21.236, 30.62, 34.834
21.247, 30.52, 35.284
21.257, 30.421, 35.734
21.268, 30.322, 36.185
21.28, 30.222, 36.636
21.292, 30.123, 37.539
21.305, 30.024, 37.99
21.319, 29.925, 38.442
21.333, 29.826, 38.893
21.347, 29.727, 39.344
21.362, 29.628, 39.794
21.377, 29.529, 40.694
21.393, 29.43, 41.143
21.41, 29.332, 41.591
21.427, 29.233, 42.039
21.444, 29.135, 42.486
21.462, 29.036, 42.931
21.481, 28.938, 43.376
21.499, 28.84, 44.263
21.519, 28.742, 44.704
21.539, 28.644, 45.144
21.559, 28.546, 45.583
21.58, 28.448, 46.021
21.601, 28.35, 46.457
21.623, 28.253, 46.891
21.645, 28.155, 47.324
21.667, 28.058, 47.756
21.691, 27.96, 48.614
21.714, 27.863, 49.04
21.738, 27.766, 49.464
21.762, 27.669, 49.887
21.787, 27.572, 50.308
21.812, 27.475, 50.727
21.838, 27.379, 51.143
21.864, 27.282, 51.558
21.89, 27.186, 51.971
21.917, 27.089, 52.382
21.944, 26.993, 52.79
21.972, 26.897, 53.196
22, 26.801, 53.601
22.028, 26.705, 54.002
22.057, 26.609, 54.402
22.086, 26.514, 54.799
22.115, 26.418, 55.194
22.145, 26.323, 55.587
22.175, 26.227, 55.977
22.206, 26.132, 56.365
22.237, 26.037, 56.751
22.268, 25.942, 57.134
22.3, 25.847, 57.515
22.332, 25.753, 57.893
22.364, 25.658, 58.269
22.397, 25.563, 58.642
22.43, 25.469, 59.012
22.463, 25.375, 59.381
22.497, 25.281, 59.746
22.531, 25.187, 60.109
22.565, 25.093, 60.47
22.6, 24.999, 60.828
22.635, 24.905, 61.183
22.67, 24.812, 61.536
22.706, 24.718, 61.886
22.742, 24.625, 62.233
22.778, 24.532, 62.578
22.815, 24.439, 62.92
22.852, 24.346, 63.26
22.889, 24.253, 63.597
22.926, 24.16, 63.932
22.964, 24.067, 64.264
23.002, 23.975, 64.593
23.04, 23.882, 64.593
23.079, 23.79, 64.919
23.117, 23.698, 81.822
23.156, 23.606, 81.712
23.195, 23.514, 81.601
23.235, 23.422, 81.49
23.274, 23.33, 81.379
23.313, 23.238, 81.268
23.353, 23.146, 81.156
23.392, 23.054, 81.045
23.432, 22.963, 80.933
23.472, 22.871, 80.821
23.512, 22.779, 80.709
23.552, 22.687, 80.597
23.592, 22.596, 80.484
23.632, 22.504, 80.372
23.672, 22.413, 80.259
23.713, 22.321, 80.146
23.753, 22.23, 80.033
23.794, 22.139, 79.92
23.835, 22.047, 79.807
23.876, 21.956, 79.693
23.917, 21.865, 79.58
23.958, 21.774, 79.466
23.999, 21.682, 79.352
24.04, 21.591, 79.238
24.082, 21.5, 79.123
24.123, 21.409, 79.009
24.165, 21.319, 78.894
24.207, 21.228, 78.78
24.249, 21.137, 78.665
24.291, 21.046, 78.549
24.333, 20.955, 78.434
24.375, 20.865, 78.319
24.418, 20.774, 78.203
24.46, 20.684, 78.087
24.503, 20.593, 77.971
24.545, 20.503, 77.855
24.588, 20.413, 77.739
24.631, 20.322, 77.622
24.674, 20.232, 77.506
24.718, 20.142, 77.389
24.761, 20.052, 77.272
24.804, 19.962, 77.154
24.848, 19.872, 77.037
24.892, 19.782, 76.92
24.936, 19.692, 76.802
24.98, 19.602, 76.684
25.024, 19.512, 76.566
25.068, 19.423, 76.447
25.112, 19.333, 76.329
25.157, 19.243, 76.21
25.201, 19.154, 76.091
25.246, 19.065, 75.972
25.291, 18.975, 75.853
25.336, 18.886, 75.734
25.381, 18.797, 75.614
25.426, 18.707, 75.494
25.472, 18.618, 75.374
25.517, 18.529, 75.254
25.563, 18.44, 75.134
25.609, 18.352, 75.013
25.655, 18.263, 74.893
25.701, 18.174, 74.772
25.747, 18.085, 74.651
25.794, 17.997, 74.529
25.84, 17.908, 74.408
25.887, 17.82, 74.286
25.934, 17.731, 74.164
25.981, 17.643, 74.042
26.028, 17.555, 73.92
26.075, 17.467, 73.797
26.122, 17.379, 73.674
26.17, 17.291, 73.551
26.218, 17.203, 73.428
26.265, 17.115, 73.305
26.313, 17.027, 73.181
26.361, 16.94, 73.058
26.41, 16.852, 72.934
26.458, 16.765, 72.809
26.507, 16.677, 72.685
26.555, 16.59, 72.56
26.604, 16.503, 72.436
26.653, 16.415, 72.311
26.702, 16.328, 72.185
26.752, 16.241, 72.06
26.801, 16.154, 71.934
26.851, 16.068, 71.808
26.901, 15.981, 71.682
26.951, 15.894, 71.556
27.001, 15.808, 71.429
27.051, 15.721, 71.302
27.102, 15.635, 71.175
27.152, 15.549, 71.048
27.203, 15.463, 70.92
27.254, 15.377, 70.793
27.305, 15.291, 70.665
27.356, 15.205, 70.537
27.408, 15.119, 70.408
27.459, 15.033, 70.28
27.511, 14.948, 70.151
27.563, 14.862, 70.022
27.615, 14.777, 69.892
27.668, 14.692, 69.763
27.72, 14.607, 69.633
27.773, 14.522, 69.503
27.825, 14.437, 69.372
27.878, 14.352, 69.242
27.932, 14.267, 69.111
27.985, 14.183, 68.98
28.038, 14.098, 68.848
28.092, 14.014, 68.717
28.146, 13.929, 68.585
28.2, 13.845, 68.453
28.254, 13.761, 68.321
28.309, 13.677, 68.188
28.363, 13.594, 68.055
28.418, 13.51, 67.922
28.473, 13.426, 67.789
28.528, 13.343, 67.655
28.583, 13.26, 67.521
28.639, 13.177, 67.387
28.695, 13.094, 67.253
28.751, 13.011, 67.118
28.807, 12.928, 66.983
28.863, 12.845, 66.848
28.92, 12.763, 66.712
28.976, 12.68, 66.576
29.033, 12.598, 66.44
29.09, 12.516, 66.304
29.147, 12.434, 66.167
29.205, 12.352, 66.03
29.263, 12.27, 65.893
29.32, 12.189, 65.756
29.379, 12.107, 65.618
29.437, 12.026, 65.48
29.495, 11.945, 65.342
29.554, 11.864, 65.203
29.613, 11.783, 65.064
29.672, 11.703, 64.925
29.731, 11.622, 64.785
29.791, 11.542, 64.645
29.851, 11.462, 64.505
29.91, 11.381, 64.365
29.971, 11.302, 64.224
30.031, 11.222, 64.083
30.092, 11.142, 63.941
30.152, 11.063, 63.8
30.213, 10.984, 63.658
30.275, 10.905, 63.515
30.336, 10.826, 63.373
30.398, 10.747, 63.23
30.459, 10.668, 63.087
30.522, 10.59, 62.943
30.584, 10.512, 62.799
30.646, 10.434, 62.655
30.709, 10.356, 62.51
30.772, 10.278, 62.365
30.835, 10.201, 62.22
30.899, 10.123, 62.074
30.962, 10.046, 61.928
31.026, 9.969, 61.782
31.09, 9.893, 61.635
31.155, 9.816, 61.488
31.219, 9.74, 61.341
31.284, 9.664, 61.193
31.349, 9.588, 61.045
31.415, 9.512, 60.897
31.48, 9.436, 60.748
31.546, 9.361, 60.599
31.612, 9.286, 60.449
31.678, 9.211, 60.299
31.744, 9.136, 60.149
31.811, 9.062, 59.998
31.878, 8.987, 59.847
31.945, 8.913, 59.696
32.013, 8.839, 59.544
32.08, 8.766, 59.392
32.148, 8.692, 59.239
32.216, 8.619, 59.087
32.285, 8.546, 58.933
32.353, 8.474, 58.779
32.422, 8.401, 58.625
32.491, 8.329, 58.471
32.561, 8.257, 58.316
32.63, 8.185, 58.16
32.7, 8.113, 58.004
32.77, 8.042, 57.848
32.841, 7.971, 57.692
32.911, 7.9, 57.534
32.982, 7.83, 57.377
33.053, 7.759, 57.219
33.125, 7.689, 57.061
33.196, 7.62, 56.902
33.268, 7.55, 56.743
33.34, 7.481, 56.583
33.413, 7.412, 56.423
33.485, 7.343, 56.262
33.558, 7.275, 56.101
33.631, 7.206, 55.939
33.705, 7.138, 55.777
33.778, 7.071, 55.615
33.852, 7.003, 55.452
33.927, 6.936, 55.288
34.001, 6.87, 55.125
34.076, 6.803, 54.96
34.151, 6.737, 54.795
34.226, 6.671, 54.63
34.301, 6.605, 54.464
34.377, 6.54, 54.297
34.453, 6.475, 54.131
34.529, 6.41, 53.963
34.606, 6.346, 53.795
34.682, 6.282, 53.627
34.759, 6.218, 53.458
34.836, 6.154, 53.288
34.914, 6.091, 53.118
34.992, 6.028, 52.947
35.07, 5.966, 52.835
35.148, 5.903, 52.663
35.226, 5.841, 52.491
35.305, 5.78, 52.318
35.384, 5.718, 52.152
35.463, 5.657, 51.991
35.543, 5.597, 51.836
35.623, 5.537, 51.687
35.703, 5.477, 51.615
35.783, 5.417, 51.476
35.864, 5.358, 51.343
35.944, 5.299, 51.217
36.025, 5.24, 51.098
36.107, 5.182, 50.985
36.188, 5.124, 50.879
36.27, 5.066, 50.78
36.352, 5.009, 50.689
36.434, 4.952, 50.604
36.517, 4.896, 50.527
36.599, 4.839, 50.457
36.682, 4.783, 50.395
36.765, 4.728, 50.34
36.849, 4.673, 50.293
36.933, 4.618, 50.272
37.016, 4.564, 50.237
37.101, 4.51, 50.209
37.185, 4.456, 50.189
37.27, 4.403, 50.175
37.354, 4.35, 50.175
37.439, 4.297, 50.183
37.525, 4.245, 50.2
37.61, 4.193, 50.225
37.696, 4.142, 50.259
37.782, 4.09, 50.3
37.868, 4.04, 50.351
37.954, 3.989, 50.409
38.041, 3.939, 50.476
38.128, 3.89, 50.552
38.215, 3.84, 50.637
38.302, 3.791, 50.73
38.39, 3.743, 50.831
38.477, 3.695, 50.941
38.565, 3.647, 51.061
38.653, 3.6, 51.255
38.741, 3.553, 51.396
38.83, 3.506, 51.546
38.918, 3.46, 51.704
39.007, 3.414, 51.872
39.096, 3.368, 52.048
39.185, 3.323, 52.232
39.275, 3.278, 52.526
39.364, 3.234, 52.733
39.454, 3.19, 52.856
39.544, 3.146, 52.684
39.634, 3.103, 52.512
39.725, 3.06, 52.339
39.815, 3.017, 52.166
39.906, 2.975, 51.992
39.996, 2.933, 51.818
40.087, 2.891, 51.643
40.179, 2.85, 51.468
40.27, 2.809, 51.291
40.361, 2.769, 51.115
40.453, 2.729, 50.937
40.545, 2.689, 50.759
40.636, 2.649, 50.581
40.728, 2.61, 50.402
40.821, 2.571, 50.222
40.913, 2.533, 50.041
41.005, 2.495, 49.86
41.098, 2.457, 49.678
41.191, 2.42, 49.496
41.284, 2.383, 49.312
41.377, 2.346, 49.129
41.47, 2.309, 48.944
41.563, 2.273, 48.759
41.656, 2.237, 48.573
41.75, 2.202, 48.386
41.843, 2.167, 48.199
41.937, 2.132, 48.011
42.031, 2.097, 47.822
42.125, 2.063, 47.632
42.219, 2.029, 47.442
42.313, 1.995, 47.251
42.407, 1.961, 47.059
42.502, 1.928, 46.866
42.596, 1.895, 46.672
42.69, 1.862, 46.478
42.785, 1.83, 46.283
42.88, 1.798, 46.087
42.974, 1.766, 45.89
43.069, 1.734, 45.693
43.164, 1.703, 45.494
43.259, 1.672, 45.295
43.354, 1.641, 45.094
43.45, 1.61, 44.893
43.545, 1.579, 44.691
43.64, 1.549, 44.488
43.735, 1.519, 44.284
43.831, 1.489, 44.08
43.926, 1.459, 43.874
44.022, 1.43, 43.667
44.117, 1.4, 43.459
44.213, 1.371, 43.251
44.309, 1.342, 43.041
44.405, 1.313, 42.83
44.5, 1.285, 42.618
44.596, 1.256, 42.405
44.692, 1.228, 42.191
44.788, 1.2, 41.976
44.884, 1.171, 41.76
44.98, 1.143, 41.543
45.076, 1.115, 41.324
45.172, 1.088, 41.105
45.268, 1.06, 40.884
45.364, 1.032, 40.662
45.46, 1.005, 40.439
45.556, 0.977, 40.215
45.653, 0.95, 39.989
45.749, 0.922, 39.762
45.845, 0.895, 39.534
45.941, 0.868, 39.304
46.037, 0.841, 39.073
46.134, 0.813, 38.841
46.23, 0.786, 38.607
46.326, 0.759, 38.372
46.422, 0.732, 38.135
46.519, 0.705, 37.897
46.615, 0.677, 37.658
46.711, 0.65, 37.417
46.807, 0.623, 37.174
46.903, 0.595, 36.93
47, 0.568, 36.684
47.096, 0.541, 36.436
47.192, 0.513, 36.187
47.288, 0.485, 35.936
47.384, 0.458, 35.683
47.48, 0.43, 35.429
47.576, 0.402, 35.173
47.672, 0.374, 34.914
47.768, 0.346, 34.654
47.864, 0.317, 34.392
47.96, 0.289, 34.128
48.056, 0.26, 33.862
48.151, 0.231, 33.593
48.247, 0.202, 33.323
48.343, 0.173, 33.05
48.438, 0.144, 32.775
48.534, 0.114, 32.498
48.629, 0.084, 32.218
48.725, 0.054, 31.936
48.82, 0.024, 31.651
48.915, -0.007, 31.364
49.01, -0.038, 31.074
49.105, -0.069, 30.782
49.2, -0.1, 30.486
49.295, -0.132, 30.188
49.39, -0.164, 29.887
49.484, -0.196, 29.582
49.579, -0.229, 29.275
49.673, -0.262, 28.964
49.768, -0.295, 28.65
49.862, -0.329, 28.332
49.956, -0.363, 28.011
50.05, -0.398, 27.686
50.143, -0.433, 27.357
50.237, -0.468, 27.024
50.33, -0.504, 26.687
50.423, -0.54, 26.346
50.517, -0.576, 26
50.609, -0.613, 25.65
50.702, -0.651, 25.295
50.795, -0.689, 24.934
50.887, -0.727, 24.569
50.979, -0.766, 24.197
51.071, -0.805, 23.82
51.163, -0.845, 23.437
51.254, -0.886, 23.048
51.346, -0.926, 22.652
51.437, -0.968, 22.249
51.527, -1.01, 21.838
51.618, -1.052, 21.42
51.708, -1.095, 20.993
51.798, -1.139, 20.558
51.888, -1.183, 20.112
51.977, -1.228, 19.657
52.066, -1.273, 19.191
52.155, -1.319, 18.714
52.244, -1.366, 18.224
52.332, -1.413, 17.72
52.42, -1.461, 17.202
52.507, -1.509, 16.668
52.594, -1.558, 16.116
52.681, -1.608, 15.544
52.768, -1.658, 14.95
52.854, -1.709, 14.332
52.94, -1.76, 13.686
53.025, -1.812, 13.026
53.11, -1.865, 12.312
53.194, -1.918, 11.554
53.279, -1.972, 11.074
53.362, -2.027, 10.395
53.446, -2.082, 9.766
53.529, -2.138, 9.376
53.611, -2.195, 8.834
53.693, -2.252, 8.502
53.774, -2.31, 8.049
53.856, -2.369, 7.651
53.936, -2.428, 7.415
54.016, -2.488, 7.108
54.096, -2.548, 6.857
54.175, -2.609, 6.015
54.254, -2.671, 4.252
54.344, -2.715, 0
54.434, -2.758, 0
54.523, -2.803, 0
54.612, -2.848, 0
54.701, -2.894, 0
54.789, -2.942, 0
54.877, -2.99, 0
54.964, -3.039, 0
55.05, -3.089, 0
55.136, -3.14, 0
55.222, -3.192, 0
55.306, -3.245, 0
55.391, -3.299, 0
55.474, -3.354, 0
55.557, -3.41, 0
55.639, -3.467, 0
55.721, -3.525, 0
55.802, -3.583, 0
55.882, -3.643, 0
55.962, -3.703, 0
56.041, -3.765, 0
56.119, -3.827, 0
56.196, -3.891, 0
56.273, -3.955, 0
56.349, -4.02, 0
56.424, -4.086, 0
56.498, -4.153, 0
56.571, -4.221, 0
56.644, -4.29, 0
56.716, -4.359, 0
56.787, -4.43, 0
56.857, -4.501, 0
56.927, -4.573, 0
56.995, -4.646, 0
57.063, -4.719, 0
57.13, -4.794, 0
57.196, -4.869, 0
57.261, -4.945, 0
57.325, -5.022, 0
57.388, -5.099, 0
57.45, -5.177, 0
57.512, -5.256, 0
57.573, -5.335, 0
57.632, -5.416, 0
57.691, -5.496, 0
57.749, -5.578, 0
57.806, -5.66, 0
57.862, -5.743, 0
57.918, -5.826, 0
57.972, -5.91, 0
58.026, -5.995, 0
58.078, -6.08, 0
58.13, -6.165, 0
58.181, -6.251, 0
58.231, -6.338, 0
58.28, -6.425, 0
58.328, -6.512, 0
58.376, -6.601, 0
58.422, -6.689, 0
58.468, -6.778, 0
58.513, -6.867, 0
58.557, -6.957, 0
58.6, -7.047, 0
58.642, -7.138, 0
58.684, -7.229, 0
58.725, -7.32, 0
58.765, -7.412, 0.516
58.804, -7.504, 2.087
58.842, -7.596, 2.872
58.88, -7.689, 4.44
58.917, -7.782, 6.004
58.953, -7.875, 7.563
58.988, -7.969, 8.34
59.023, -8.062, 9.888
59.057, -8.156, 11.427
59.09, -8.251, 12.192
59.122, -8.345, 13.716
59.154, -8.44, 15.227
59.185, -8.535, 15.978
59.215, -8.631, 17.47
59.245, -8.726, 18.948
59.274, -8.822, 19.682
59.302, -8.918, 21.137
59.33, -9.014, 21.858
59.357, -9.11, 23.289
59.383, -9.207, 24.703
59.409, -9.303, 25.403
59.434, -9.4, 26.791
59.459, -9.497, 27.478
59.482, -9.594, 28.838
59.506, -9.691, 30.179
59.528, -9.789, 30.842
59.55, -9.886, 32.155
59.572, -9.984, 32.804
59.593, -10.082, 34.087
59.613, -10.18, 35.351
59.633, -10.278, 35.975
59.652, -10.376, 37.209
59.671, -10.474, 37.819
59.689, -10.572, 39.023
59.707, -10.671, 39.618
59.724, -10.769, 40.792
59.741, -10.868, 41.371
59.757, -10.967, 42.516
59.773, -11.065, 43.081
59.788, -11.164, 44.195
59.803, -11.263, 44.745
59.817, -11.362, 45.83
59.831, -11.461, 46.366
59.844, -11.56, 47.422
59.857, -11.659, 47.943
59.869, -11.759, 48.97
59.881, -11.858, 49.477
59.893, -11.957, 50.476
59.904, -12.057, 50.968
59.915, -12.156, 51.94
59.925, -12.255, 52.419
59.935, -12.355, 53.362
59.944, -12.455, 53.828
59.953, -12.554, 54.745
59.962, -12.654, 55.197
59.97, -12.753, 56.088
59.978, -12.853, 56.527
59.986, -12.953, 57.392
59.993, -13.053, 57.819
60, -13.152, 58.241
60.006, -13.252, 59.073
60.012, -13.352, 59.483
60.018, -13.452, 60.291
60.023, -13.552, 60.689
60.028, -13.651, 61.474
60.033, -13.751, 61.86
60.038, -13.851, 62.243
60.042, -13.951, 62.997
60.045, -14.051, 63.368
60.049, -14.151, 64.101
60.052, -14.251, 64.461
60.055, -14.351, 64.818
60.057, -14.451, 65.522
60.059, -14.551, 65.869
60.061, -14.651, 66.552
60.063, -14.751, 66.888
60.064, -14.851, 67.222
60.065, -14.951, 67.878
60.066, -15.051, 68.202
60.066, -15.151, 68.522
60.067, -15.251, 69.154
60.067, -15.351, 69.465
60.066, -15.451, 69.773
60.066, -15.551, 70.38
60.065, -15.651, 70.679
60.064, -15.751, 71.269
60.062, -15.851, 71.559
60.061, -15.951, 71.847
60.059, -16.051, 72.414
60.057, -16.151, 72.694
60.055, -16.251, 72.971
60.052, -16.351, 73.516
60.049, -16.451, 73.785
60.046, -16.551, 74.052
60.043, -16.651, 74.577
60.04, -16.751, 74.836
60.036, -16.85, 75.093
60.032, -16.95, 75.347
60.028, -17.05, 75.848
60.024, -17.15, 76.095
60.019, -17.25, 76.339
60.014, -17.35, 76.822
60.009, -17.45, 77.06
60.004, -17.55, 77.296
59.999, -17.65, 77.761
59.993, -17.749, 77.99
59.988, -17.849, 78.217
59.982, -17.949, 78.442
59.976, -18.049, 78.887
59.969, -18.149, 79.106
59.963, -18.249, 79.323
59.956, -18.348, 79.343
59.95, -18.448, 79.229
59.943, -18.548, 79.114
59.935, -18.648, 79
59.928, -18.747, 78.885
59.921, -18.847, 78.771
59.913, -18.947, 78.656
59.905, -19.046, 78.54
59.897, -19.146, 78.425
59.889, -19.246, 78.31
59.881, -19.345, 78.194
59.872, -19.445, 78.078
59.864, -19.545, 77.962
59.855, -19.644, 77.846
59.846, -19.744, 77.73
59.837, -19.844, 77.613
59.828, -19.943, 77.496
59.819, -20.043, 77.38
59.809, -20.142, 77.263
59.8, -20.242, 77.145
59.79, -20.341, 77.028
59.78, -20.441, 76.91
59.77, -20.54, 76.793
59.76, -20.64, 76.675
59.75, -20.739, 76.557
59.739, -20.839, 76.438
59.729, -20.938, 76.32
59.718, -21.038, 76.201
59.707, -21.137, 76.082
59.697, -21.236, 75.963
59.686, -21.336, 75.844
59.674, -21.435, 75.725
59.663, -21.535, 75.605
59.652, -21.634, 75.485
59.64, -21.733, 75.365
59.629, -21.833, 75.245
59.617, -21.932, 75.125
59.605, -22.031, 75.004
59.594, -22.13, 74.883
59.582, -22.23, 74.762
59.57, -22.329, 74.641
59.557, -22.428, 74.52
59.545, -22.528, 74.398
59.533, -22.627, 74.277
59.52, -22.726, 74.155
59.508, -22.825, 74.032
59.495, -22.924, 73.91
59.482, -23.024, 73.788
59.469, -23.123, 73.665
59.457, -23.222, 73.542
59.444, -23.321, 73.419
59.43, -23.42, 73.295
59.417, -23.519, 73.172
59.404, -23.618, 73.048
59.391, -23.718, 72.924
59.377, -23.817, 72.8
59.364, -23.916, 72.675
59.35, -24.015, 72.551
59.336, -24.114, 72.426
59.323, -24.213, 72.301
59.309, -24.312, 72.175
59.295, -24.411, 72.05
59.281, -24.51, 71.924
59.267, -24.609, 71.798
59.253, -24.708, 71.672
59.239, -24.807, 71.546
59.225, -24.906, 71.419
59.21, -25.005, 71.292
59.196, -25.104, 71.165
59.181, -25.203, 71.038
59.167, -25.302, 70.911
59.152, -25.401, 70.783
59.138, -25.5, 70.655
59.123, -25.599, 70.527
59.108, -25.698, 70.398
59.094, -25.796, 70.269
59.079, -25.895, 70.141
59.064, -25.994, 70.011
59.049, -26.093, 69.882
59.034, -26.192, 69.752
59.019, -26.291, 69.623
59.004, -26.39, 69.492
58.989, -26.489, 69.362
58.974, -26.587, 69.231
58.958, -26.686, 69.101
58.943, -26.785, 68.97
58.928, -26.884, 68.838
58.912, -26.983, 68.707
58.897, -27.081, 68.575
58.882, -27.18, 68.443
58.866, -27.279, 68.31
58.851, -27.378, 68.178
58.835, -27.477, 68.045
58.819, -27.575, 67.912
58.804, -27.674, 67.778
58.788, -27.773, 67.645
58.772, -27.872, 67.511
58.757, -27.97, 67.377
58.741, -28.069, 67.242
58.725, -28.168, 67.107
58.709, -28.267, 66.972
58.694, -28.365, 66.837
58.678, -28.464, 66.702
58.662, -28.563, 66.566
58.646, -28.662, 66.43
58.63, -28.76, 66.293
58.614, -28.859, 66.157
58.598, -28.958, 66.02
58.582, -29.057, 65.882
58.566, -29.155, 65.745
58.55, -29.254, 65.607
58.534, -29.353, 65.469
58.518, -29.451, 65.331
58.502, -29.55, 65.192
58.486, -29.649, 65.053
58.47, -29.747, 64.914
58.453, -29.846, 64.774
58.437, -29.945, 64.634
58.421, -30.043, 64.494
58.405, -30.142, 64.354
58.389, -30.241, 64.213
58.373, -30.34, 64.072
58.356, -30.438, 63.93
58.34, -30.537, 63.789
58.324, -30.636, 63.647
58.308, -30.734, 63.504
58.292, -30.833, 63.362
58.275, -30.932, 63.219
58.259, -31.03, 63.075
58.243, -31.129, 62.932
58.227, -31.228, 62.788
58.211, -31.326, 62.643
58.194, -31.425, 62.499
58.178, -31.524, 62.354
58.162, -31.622, 62.209
58.146, -31.721, 62.063
58.13, -31.82, 61.917
58.114, -31.918, 61.771
58.097, -32.017, 61.624
58.081, -32.116, 61.477
58.065, -32.214, 61.329
58.049, -32.313, 61.182
58.033, -32.412, 61.034
58.017, -32.511, 60.885
58.001, -32.609, 60.736
57.985, -32.708, 60.587
57.969, -32.807, 60.438
57.953, -32.905, 60.288
57.937, -33.004, 60.137
57.921, -33.103, 59.987
57.905, -33.202, 59.836
57.889, -33.3, 59.684
57.873, -33.399, 59.532
57.857, -33.498, 59.38
57.841, -33.596, 59.228
57.825, -33.695, 59.075
57.809, -33.794, 58.921
57.794, -33.893, 58.767
57.778, -33.991, 58.613
57.762, -34.09, 58.459
57.746, -34.189, 58.304
57.731, -34.288, 58.148
57.715, -34.386, 57.992
57.7, -34.485, 57.836
57.684, -34.584, 57.679
57.669, -34.683, 57.522
57.653, -34.782, 57.365
57.638, -34.88, 57.207
57.622, -34.979, 57.048
57.607, -35.078, 56.889
57.592, -35.177, 56.73
57.576, -35.276, 56.57
57.561, -35.375, 56.41
57.546, -35.473, 56.249
57.531, -35.572, 56.088
57.516, -35.671, 55.927
57.501, -35.77, 55.765
57.486, -35.869, 55.602
57.471, -35.968, 55.439
57.456, -36.067, 55.276
57.441, -36.165, 55.112
57.426, -36.264, 54.947
57.412, -36.363, 54.782
57.397, -36.462, 54.617
57.383, -36.561, 54.451
57.368, -36.66, 54.284
57.354, -36.759, 54.117
57.339, -36.858, 53.95
57.325, -36.957, 53.782
57.311, -37.056, 53.613
57.296, -37.155, 53.444
57.282, -37.254, 53.275
57.268, -37.353, 53.105
57.254, -37.452, 52.934
57.24, -37.551, 52.763
57.227, -37.65, 52.591
57.213, -37.749, 52.419
57.199, -37.848, 52.246
57.186, -37.947, 52.072
57.172, -38.046, 51.898
57.159, -38.145, 51.723
57.145, -38.245, 51.548
57.132, -38.344, 51.372
57.119, -38.443, 51.196
57.106, -38.542, 51.019
57.093, -38.641, 50.841
57.08, -38.74, 50.663
57.067, -38.839, 50.484
57.054, -38.939, 50.304
57.041, -39.038, 50.124
57.029, -39.137, 49.943
57.016, -39.236, 49.761
57.004, -39.335, 49.579
56.992, -39.435, 49.396
56.98, -39.534, 49.213
56.968, -39.633, 49.029
56.956, -39.732, 48.844
56.944, -39.832, 48.658
56.932, -39.931, 48.472
56.921, -40.03, 48.285
56.909, -40.13, 48.097
56.898, -40.229, 47.908
56.886, -40.328, 47.719
56.875, -40.428, 47.529
56.864, -40.527, 47.338
56.853, -40.627, 47.147
56.843, -40.726, 46.954
56.832, -40.825, 46.761
56.821, -40.925, 46.567
56.811, -41.024, 46.372
56.801, -41.124, 46.177
56.791, -41.223, 45.98
56.781, -41.323, 45.783
56.771, -41.422, 45.585
56.761, -41.522, 45.386
56.751, -41.621, 45.186
56.742, -41.721, 44.986
56.733, -41.821, 44.784
56.723, -41.92, 44.581
56.714, -42.02, 44.378
56.706, -42.119, 44.174
56.697, -42.219, 43.968
56.688, -42.319, 43.762
56.68, -42.418, 43.555
56.672, -42.518, 43.346
56.664, -42.618, 43.137
56.656, -42.717, 42.927
56.648, -42.817, 42.715
56.641, -42.917, 42.503
56.633, -43.016, 42.289
56.626, -43.116, 42.075
56.619, -43.216, 41.859
56.612, -43.316, 41.643
56.605, -43.415, 41.425
56.599, -43.515, 41.206
56.593, -43.615, 40.985
56.587, -43.715, 40.764
56.581, -43.815, 40.541
56.575, -43.914, 40.317
56.57, -44.014, 40.092
56.564, -44.114, 39.866
56.559, -44.214, 39.638
56.554, -44.314, 39.409
56.55, -44.414, 39.179
56.545, -44.514, 38.947
56.541, -44.614, 38.714
56.537, -44.714, 38.48
56.533, -44.814, 38.244
56.53, -44.913, 38.007
56.526, -45.013, 37.768
56.523, -45.113, 37.527
56.52, -45.213, 37.285
56.518, -45.313, 37.042
56.515, -45.413, 36.797
56.513, -45.513, 36.55
56.511, -45.613, 36.302
56.51, -45.713, 36.051
56.509, -45.813, 35.799
56.507, -45.913, 35.546
56.507, -46.013, 35.29
56.506, -46.113, 35.033
56.506, -46.213, 34.774
56.506, -46.313, 34.512
56.506, -46.413, 34.249
56.507, -46.513, 33.984
56.508, -46.613, 33.716
56.509, -46.713, 33.447
56.511, -46.813, 33.175
56.512, -46.913, 32.901
56.514, -47.013, 32.625
56.517, -47.113, 32.347
56.52, -47.213, 32.066
56.523, -47.313, 31.782
56.526, -47.413, 31.496
56.53, -47.513, 31.207
56.534, -47.613, 30.916
56.539, -47.713, 30.622
56.543, -47.813, 30.325
56.549, -47.912, 30.025
56.554, -48.012, 29.722
56.56, -48.112, 29.416
56.566, -48.212, 29.107
56.573, -48.312, 28.794
56.58, -48.411, 28.478
56.588, -48.511, 28.158
56.595, -48.611, 27.835
56.604, -48.71, 27.508
56.612, -48.81, 27.177
56.622, -48.91, 26.842
56.631, -49.009, 26.503
56.641, -49.109, 26.159
56.651, -49.208, 25.811
56.662, -49.308, 25.458
56.674, -49.407, 25.1
56.685, -49.506, 24.737
56.698, -49.605, 24.368
56.71, -49.705, 23.994
56.724, -49.804, 23.614
56.737, -49.903, 23.227
56.752, -50.002, 22.834
56.766, -50.101, 22.434
56.782, -50.2, 22.027
56.797, -50.298, 21.613
56.814, -50.397, 21.19
56.83, -50.496, 20.758
56.848, -50.594, 20.318
56.866, -50.692, 19.867
56.884, -50.791, 19.406
56.903, -50.889, 18.934
56.923, -50.987, 18.45
56.943, -51.085, 17.953
56.964, -51.183, 17.441
56.986, -51.28, 16.915
57.008, -51.378, 16.371
57.031, -51.475, 15.808
57.054, -51.572, 15.225
57.078, -51.669, 14.619
57.103, -51.766, 13.986
57.128, -51.863, 13.323
57.154, -51.96, 12.625
57.181, -52.056, 11.887
57.209, -52.152, 11.1
57.237, -52.248, 10.252
57.266, -52.344, 9.328
57.295, -52.439, 8.301
57.326, -52.535, 7.128
57.357, -52.63, 5.719
57.389, -52.724, 3.917
57.422, -52.819, 3.01
57.455, -52.913, 1.186
57.489, -53.007, 0
57.525, -53.101, 0
57.561, -53.194, 0
57.597, -53.287, 0
57.635, -53.38, 0
57.673, -53.472, 0
57.713, -53.564, 0
57.753, -53.655, 0
57.794, -53.746, 0
57.836, -53.837, 0
57.879, -53.928, 0
57.923, -54.017, 0
57.967, -54.107, 0
58.013, -54.196, 0
58.06, -54.284, 0
58.107, -54.372, 0
58.156, -54.46, 0
58.205, -54.547, 0
58.255, -54.633, 0
58.307, -54.719, 0
58.359, -54.804, 0
58.412, -54.889, 0
58.467, -54.973, 0
58.522, -55.056, 0
58.578, -55.139, 0
58.635, -55.221, 0
58.694, -55.302, 0
58.753, -55.383, 0
58.813, -55.463, 0
58.874, -55.542, 0
58.936, -55.62, 0
59.003, -55.702, 0
59.003, -55.702, 0
71.638, -71.205, 0
endData
90.5
100
200
58, 58, 56.541, 56.137, 56.541, 56.137, 55.083, 54.274
55.083, 54.274, 52.166, 50.548, 11.959, 50.147, 23.101, 23.737
23.101, 23.737, 34.243, -2.674, 46.314, 3.619, 54.258, -2.674
54.258, -2.674, 68.907, -9.483, 50.131, -44.973, 59.003, -55.702
#PATH.JERRYIO-DATA {"appVersion":"0.8.3","format":"LemLib v0.5","gc":{"robotWidth":15,"robotHeight":16,"robotIsHolonomic":false,"showRobot":true,"uol":2.54,"pointDensity":0.1,"controlMagnetDistance":1.968503937007874,"fieldImage":{"displayName":"V5RC 2025 - High Stakes (Skills)","signature":"V5RC 2025 - High Stakes (Skills)","origin":{"__type":"built-in"}},"coordinateSystem":"VEX Gaming Positioning System"},"paths":[{"segments":[{"controls":[{"uid":"tp4fwZR1rr","x":-48,"y":-24,"lock":false,"visible":true,"heading":0,"__type":"end-point"},{"uid":"weVTHxLXVR","x":-39.41803320488813,"y":-23.720148122036946,"lock":false,"visible":true,"__type":"control"},{"uid":"V7WacB3YCS","x":-37.14836001993332,"y":-23.92648204794193,"lock":false,"visible":true,"__type":"control"},{"uid":"FBnkPwYXqX","x":-27.450665502399065,"y":-23.720148122036946,"lock":false,"visible":true,"heading":0,"__type":"end-point"}],"speedProfiles":[{"uid":"WaU8KUxGHa","xPos":0.46078431372549017,"yPos":1,"followBentRate":true}],"lookaheadKeyframes":[],"uid":"T1sneRDRjo"},{"controls":[{"uid":"FBnkPwYXqX","x":-27.450665502399065,"y":-23.720148122036946,"lock":false,"visible":true,"heading":0,"__type":"end-point"},{"uid":"rSQAJ0B9HT","x":-17.752970984864824,"y":-23.51381419613196,"lock":false,"visible":true,"__type":"control"},{"uid":"SNde8aL2BA","x":-16.92763528124489,"y":-30.116499825091445,"lock":false,"visible":true,"__type":"control"},{"uid":"ur3A2aMJQ9","x":-13.626292466765143,"y":-36.10018367633598,"lock":false,"visible":true,"heading":0,"__type":"end-point"}],"speedProfiles":[],"lookaheadKeyframes":[],"uid":"xsSNIygJ0h"},{"controls":[{"uid":"ur3A2aMJQ9","x":-13.626292466765143,"y":-36.10018367633598,"lock":false,"visible":true,"heading":0,"__type":"end-point"},{"uid":"Et7anQkjcw","x":-9.912281800475432,"y":-43.11553715710543,"lock":false,"visible":true,"__type":"control"},{"uid":"qowsr4Dr3a","x":-2.277926541991027,"y":-42.2902014534855,"lock":false,"visible":true,"__type":"control"},{"uid":"TbiMwgxX1J","x":4.94376086468341,"y":-43.32187108301042,"lock":false,"visible":true,"heading":0,"__type":"end-point"}],"speedProfiles":[],"lookaheadKeyframes":[],"uid":"loio9E0xXe"},{"controls":[{"uid":"TbiMwgxX1J","x":4.94376086468341,"y":-43.32187108301042,"lock":false,"visible":true,"heading":0,"__type":"end-point"},{"uid":"6rchQEOprl","x":12.165448271357848,"y":-44.35354071253534,"lock":false,"visible":true,"__type":"control"},{"uid":"FT6FKC19Ml","x":14.228787530407686,"y":-38.16352293538582,"lock":false,"visible":true,"__type":"control"},{"uid":"puy9IqUS1q","x":23.720148122036946,"y":-47.24221567520512,"lock":false,"visible":true,"heading":0,"__type":"end-point"}],"speedProfiles":[],"lookaheadKeyframes":[],"uid":"NA2chCMHj9"},{"controls":[{"uid":"puy9IqUS1q","x":23.720148122036946,"y":-47.24221567520512,"lock":false,"visible":true,"heading":0,"__type":"end-point"},{"uid":"8FMSfSJezr","x":30.529167676901416,"y":-55.08290485959451,"lock":false,"visible":true,"__type":"control"},{"uid":"IDOfU0zzmh","x":20.62513923346219,"y":-62.9235940439839,"lock":false,"visible":true,"__type":"control"},{"uid":"mLNdGvLOMw","x":0.4044144947737643,"y":-58.796915525884216,"lock":false,"visible":true,"heading":0,"__type":"end-point"}],"speedProfiles":[],"lookaheadKeyframes":[],"uid":"dYTUEm80Po"},{"controls":[{"uid":"mLNdGvLOMw","x":0.4044144947737643,"y":-58.796915525884216,"lock":false,"visible":true,"heading":0,"__type":"end-point"},{"uid":"8TRG9uxOKf","x":-9.086946096855495,"y":-56.11457448911942,"lock":false,"visible":true,"__type":"control"},{"uid":"bT3R6CFAK3","x":-9.912281800475432,"y":-47.24221567520512,"lock":false,"visible":true,"__type":"control"},{"uid":"XmCevfjDtC","x":-24.355656613824305,"y":-47.24221567520512,"lock":false,"visible":true,"heading":0,"__type":"end-point"}],"speedProfiles":[],"lookaheadKeyframes":[],"uid":"7XVjILHhf9"},{"controls":[{"uid":"XmCevfjDtC","x":-24.355656613824305,"y":-47.24221567520512,"lock":false,"visible":true,"heading":0,"__type":"end-point"},{"uid":"Cc5mRgyQNZ","x":-38.592697501268205,"y":-47.4485496011101,"lock":false,"visible":true,"__type":"control"},{"uid":"h1kKzg3VUh","x":-44.37004742660775,"y":-46.62321389749017,"lock":false,"visible":true,"__type":"control"},{"uid":"IqTei4NkEd","x":-56.13108120319183,"y":-46.41687997158518,"lock":false,"visible":true,"heading":0,"__type":"end-point"}],"speedProfiles":[],"lookaheadKeyframes":[],"uid":"aQquyLxDts"}],"pc":{"speedLimit":{"minLimit":{"value":0,"label":"0"},"maxLimit":{"value":127,"label":"127"},"step":1,"from":0,"to":86},"bentRateApplicableRange":{"minLimit":{"value":0,"label":"0"},"maxLimit":{"value":1,"label":"1"},"step":0.001,"from":0,"to":0.063},"maxDecelerationRate":96.2},"name":"Path","uid":"hj0pQaEban","lock":false,"visible":false},{"segments":[{"controls":[{"uid":"8JI68o4l8y","x":48,"y":0,"lock":false,"visible":true,"heading":0,"__type":"end-point"},{"uid":"YlbpxYgcn5","x":41.052197898055596,"y":-11.546446493642897,"lock":false,"visible":true,"__type":"control"},{"uid":"tPmKptrQDA","x":30.32283375099641,"y":-20.62513923346218,"lock":false,"visible":true,"__type":"control"},{"uid":"ctjNRFvzwe","x":15.054123234027623,"y":-11.75278041954788,"lock":false,"visible":true,"heading":0,"__type":"end-point"}],"speedProfiles":[],"lookaheadKeyframes":[],"uid":"4Xvy53lCPs"},{"controls":[{"uid":"ctjNRFvzwe","x":15.054123234027623,"y":-11.75278041954788,"lock":false,"visible":true,"heading":0,"__type":"end-point"},{"uid":"XXRqoCXYsH","x":-0.2145872829411477,"y":-2.8804216056335825,"lock":false,"visible":true,"__type":"control"},{"uid":"kQvv8sxx3W","x":-15.276963874005013,"y":15.380130836957505,"lock":false,"visible":true,"__type":"control"},{"uid":"IMHRwlInuf","x":-21.260647725249548,"y":21.260647725249548,"lock":false,"visible":true,"heading":0,"__type":"end-point"}],"speedProfiles":[],"lookaheadKeyframes":[],"uid":"XEDP8nPlGa"},{"controls":[{"uid":"IMHRwlInuf","x":-21.260647725249548,"y":21.260647725249548,"lock":false,"visible":true,"heading":0,"__type":"end-point"},{"uid":"QeEKhWOVur","x":-27.244331576494083,"y":27.14116461354159,"lock":false,"visible":true,"__type":"control"},{"uid":"gKhsN97a1q","x":-22.39548431772696,"y":34.05335113135855,"lock":false,"visible":true,"__type":"control"},{"uid":"QGhyQLGbaB","x":-23.53032091020437,"y":46.84605453746755,"lock":false,"visible":true,"heading":0,"__type":"end-point"}],"speedProfiles":[],"lookaheadKeyframes":[],"uid":"jIMQtzlqw6"}],"pc":{"speedLimit":{"minLimit":{"value":0,"label":"0"},"maxLimit":{"value":127,"label":"127"},"step":1,"from":0,"to":100},"bentRateApplicableRange":{"minLimit":{"value":0,"label":"0"},"maxLimit":{"value":1,"label":"1"},"step":0.001,"from":0,"to":0.066},"maxDecelerationRate":109.3},"name":"Path","uid":"q3kBkyvvBW","lock":false,"visible":false},{"segments":[{"controls":[{"uid":"K7NCskYm1b","x":58,"y":58,"lock":false,"visible":true,"heading":0,"__type":"end-point"},{"uid":"2irk7oGCXH","x":55.08290485959451,"y":54.27407587004698,"lock":false,"visible":true,"heading":0,"__type":"end-point"}],"speedProfiles":[],"lookaheadKeyframes":[],"uid":"6GcIf4XJpF"},{"controls":[{"uid":"2irk7oGCXH","x":55.08290485959451,"y":54.27407587004698,"lock":false,"visible":true,"heading":0,"__type":"end-point"},{"uid":"AQPGYfGU1d","x":52.16580971918901,"y":50.54815174009396,"lock":false,"visible":true,"__type":"control"},{"uid":"lC3YbUxWTj","x":11.959114345452864,"y":50.1473973519473,"lock":false,"visible":true,"__type":"control"},{"uid":"IHohwBDcQ1","x":23.101146344321997,"y":23.736654836109356,"lock":false,"visible":true,"heading":0,"__type":"end-point"}],"speedProfiles":[],"lookaheadKeyframes":[],"uid":"n9RgblVymz"},{"controls":[{"uid":"IHohwBDcQ1","x":23.101146344321997,"y":23.736654836109356,"lock":false,"visible":true,"heading":0,"__type":"end-point"},{"uid":"YTuPgyDIBU","x":34.24317834319113,"y":-2.6740876797285864,"lock":false,"visible":true,"__type":"control"},{"uid":"LB6KnJS7Pi","x":46.31371300863269,"y":3.6190970603734223,"lock":false,"visible":true,"__type":"control"},{"uid":"mSyvUqf7xG","x":54.257569155974565,"y":-2.6740876797285873,"lock":false,"visible":true,"heading":0,"__type":"end-point"}],"speedProfiles":[],"lookaheadKeyframes":[],"uid":"ljX6Ep63ZJ"},{"controls":[{"uid":"mSyvUqf7xG","x":54.257569155974565,"y":-2.6740876797285873,"lock":false,"visible":true,"heading":0,"__type":"end-point"},{"uid":"79fe7zCjSC","x":68.90727789522842,"y":-9.483107234593056,"lock":false,"visible":true,"__type":"control"},{"uid":"FjxLU2qrss","x":50.130890637874884,"y":-44.9725424902503,"lock":false,"visible":true,"__type":"control"},{"uid":"ywNcjdjX6s","x":59.003249451789195,"y":-55.701906637309456,"lock":false,"visible":true,"heading":0,"__type":"end-point"}],"speedProfiles":[],"lookaheadKeyframes":[],"uid":"D7m2WOTMIb"}],"pc":{"speedLimit":{"minLimit":{"value":0,"label":"0"},"maxLimit":{"value":127,"label":"127"},"step":1,"from":0,"to":100},"bentRateApplicableRange":{"minLimit":{"value":0,"label":"0"},"maxLimit":{"value":1,"label":"1"},"step":0.001,"from":0,"to":0.034},"maxDecelerationRate":90.5},"name":"Path","uid":"imkik1Xec0","lock":false,"visible":false},{"segments":[{"controls":[{"uid":"dHNlII536W","x":48,"y":-48,"lock":false,"visible":true,"heading":0,"__type":"end-point"},{"uid":"XRy8IwNZGf","x":46,"y":-46,"lock":false,"visible":true,"heading":0,"__type":"end-point"}],"speedProfiles":[],"lookaheadKeyframes":[],"uid":"kdLyeu77nR"},{"controls":[{"uid":"XRy8IwNZGf","x":46,"y":-46,"lock":false,"visible":true,"heading":0,"__type":"end-point"},{"uid":"TgZV1HTq7E","x":44,"y":-44,"lock":false,"visible":true,"__type":"control"},{"uid":"4Hu7Y1B8nl","x":0.19808056886878034,"y":-0.19808056886878034,"lock":false,"visible":true,"__type":"control"},{"uid":"YexcY0AgDa","x":62.71726011807891,"y":0.00825335703620358,"lock":false,"visible":true,"heading":0,"__type":"end-point"}],"speedProfiles":[],"lookaheadKeyframes":[],"uid":"bVUbM9E7ly"}],"pc":{"speedLimit":{"minLimit":{"value":0,"label":"0"},"maxLimit":{"value":127,"label":"127"},"step":1,"from":0,"to":98},"bentRateApplicableRange":{"minLimit":{"value":0,"label":"0"},"maxLimit":{"value":1,"label":"1"},"step":0.001,"from":0,"to":0.05},"maxDecelerationRate":65.2},"name":"Path","uid":"qyrybT9sDj","lock":false,"visible":false}]}